

Software Version	3.04.17



Experiment File Path:	C:\Users\Biotek2\Box\biocircuits\Ankita\20201022_controls_gfp_24hr_3.xpt
Protocol File Path:	C:\Users\Biotek2\Box\biocircuits\Ankita\gfp_24hr_protocol.prt



Plate Number	Plate 1
Date	10/22/2020
Time	5:21:31 PM
Reader Type:	Synergy H1
Reader Serial Number:	Unknown
Reading Type	Reader

Procedure Details

Plate Type	384 WELL PLATE
Well Selection	Runtime
Eject plate on completion	
Set Temperature	Setpoint 34°C
	Preheat before moving to next step
Start Kinetic	Runtime 24:00:00 (HH:MM:SS), Interval 0:03:00, 481 Reads
    Read	gfp
	Fluorescence Endpoint
	Full Plate
	Filter Set 1
	    Excitation: 485,  Emission: 515
	    Optics: Bottom,  Gain: 61
	Filter Set 2
	    Excitation: 485,  Emission: 515
	    Optics: Bottom,  Gain: 100
	Light Source: Xenon Flash,  Lamp Energy: High
	Read Speed: Normal,  Delay: 100 msec,  Measurements/Data Point: 10
	Read Height: 9.5 mm
End Kinetic	

Layout
	1	2	3	4	5	6	7	8	9	10	11	12	13	14	15	16	17	18	19	20	21	22	23	24
A																									Well ID
B												SPL1	SPL6	SPL11											Well ID
C												SPL2	SPL7	SPL12											Well ID
D												SPL3	SPL8	SPL13											Well ID
E												SPL4	SPL9	SPL14											Well ID
F												SPL5	SPL10	SPL15											Well ID
G																									Well ID
H																									Well ID
I																									Well ID
J																									Well ID
K																									Well ID
L																									Well ID
M																									Well ID
N																									Well ID
O																									Well ID
P																									Well ID

gfp:485,515

Time	T° gfp:485,515	B12	B13	B14	C12	C13	C14	D12	D13	D14	E12	E13	E14	F12	F13	F14
0:00:00	29.6	78	34	49	111	111	91	19	31	37	114	124	105	7	0	5
0:03:00	33.0	92	56	70	105	110	92	24	16	37	112	125	102	0	3	7
0:06:00	34.0	103	72	79	105	105	90	18	12	28	118	125	106	15	4	5
0:09:00	34.0	122	81	95	104	111	90	22	13	25	115	120	106	9	11	10
0:12:00	34.0	136	103	122	95	113	95	24	19	27	108	119	107	8	6	8
0:15:00	34.0	164	131	141	92	105	81	23	20	32	108	116	91	6	4	0
0:18:00	34.0	201	142	171	105	113	92	28	21	13	103	112	107	5	4	0
0:21:00	34.0	233	180	216	100	106	89	12	22	18	118	113	101	8	6	8
0:24:00	34.0	277	208	244	102	108	98	14	23	27	114	112	97	5	1	4
0:27:00	34.0	309	250	284	101	104	85	19	17	25	108	113	112	7	7	11
0:30:00	34.0	366	302	341	96	103	91	19	25	32	112	108	98	3	3	3
0:33:00	34.0	417	341	392	98	101	77	17	23	18	108	114	110	0	11	12
0:36:00	34.0	461	383	432	113	104	90	19	19	30	110	114	99	7	0	7
0:39:00	34.0	532	429	474	98	110	78	13	13	21	113	109	102	11	0	0
0:42:00	34.0	580	476	524	97	113	89	19	17	30	113	117	96	14	0	8
0:45:00	34.0	645	513	590	93	106	93	30	18	29	103	121	93	5	8	3
0:48:00	34.0	703	571	626	97	107	90	17	24	24	109	111	103	5	9	8
0:51:00	34.0	792	599	682	100	104	97	31	18	28	126	119	97	10	9	15
0:54:00	34.0	850	647	741	94	114	86	26	19	29	112	114	101	15	3	6
0:57:00	34.1	897	700	782	78	103	88	30	17	27	115	112	98	2	8	8
1:00:00	34.0	958	749	845	97	107	85	29	28	24	113	112	96	3	5	10
1:03:00	34.0	1025	810	874	101	111	89	32	17	32	112	105	99	0	6	0
1:06:00	34.0	1086	860	957	100	105	85	28	22	32	105	112	102	11	2	7
1:09:00	34.0	1168	890	983	100	107	83	29	24	39	115	112	100	1	5	5
1:12:00	34.0	1228	937	1039	94	102	85	40	26	33	117	116	124	8	5	5
1:15:00	34.0	1286	975	1100	101	115	87	31	30	38	113	106	103	10	4	9
1:18:00	34.0	1368	1030	1149	104	112	89	34	27	20	128	112	101	13	3	3
1:21:00	34.0	1406	1073	1179	107	112	85	32	24	36	115	116	102	10	8	12
1:24:00	34.0	1477	1110	1265	107	115	86	40	35	34	119	116	106	9	4	4
1:27:00	34.0	1550	1166	1306	108	116	87	45	37	39	112	110	102	8	12	7
1:30:00	34.0	1577	1214	1360	99	105	88	44	36	43	106	102	90	10	16	5
1:33:00	34.0	1645	1257	1407	111	102	97	48	31	43	115	127	104	8	16	11
1:36:00	34.0	1748	1258	1431	101	105	92	49	29	33	113	108	102	5	9	6
1:39:00	34.0	1769	1350	1497	103	114	84	46	47	37	125	117	108	7	9	6
1:42:00	34.0	1852	1363	1536	103	112	80	42	37	27	111	109	99	4	7	15
1:45:00	34.0	1862	1389	1580	111	102	95	56	31	36	109	112	102	6	9	0
1:48:00	34.0	1926	1495	1622	102	113	93	49	46	41	117	112	101	11	8	7
1:51:00	34.0	1985	1520	1639	104	107	86	47	49	44	113	114	106	6	8	10
1:54:00	34.0	2038	1558	1701	105	115	85	51	42	39	111	118	101	3	12	0
1:57:00	34.0	2077	1551	1735	102	107	89	56	38	35	122	123	110	9	4	3
2:00:00	34.0	2158	1632	1798	103	115	90	54	49	50	116	115	103	3	5	4
2:03:00	34.0	2250	1691	1821	103	113	88	54	35	52	115	115	91	3	5	4
2:06:00	34.0	2229	1684	1878	103	121	88	60	42	40	118	123	106	10	8	8
2:09:00	34.0	2299	1746	1899	95	110	91	60	42	49	123	117	105	6	3	11
2:12:00	34.0	2340	1749	1988	92	110	83	58	48	54	116	110	111	12	6	10
2:15:00	34.0	2382	1816	1994	106	113	88	50	46	50	119	115	105	8	15	7
2:18:00	34.0	2388	1854	2054	110	109	88	52	43	51	119	116	103	1	4	12
2:21:00	34.0	2412	1893	2071	115	101	93	57	43	47	114	116	95	8	5	10
2:24:00	34.0	2534	1920	2142	112	114	91	61	54	53	119	119	106	8	14	8
2:27:00	34.0	2531	1977	2148	108	122	83	64	56	52	114	137	110	5	5	12
2:30:00	34.0	2592	2017	2173	106	108	79	60	39	53	116	116	113	7	10	5
2:33:00	34.0	2627	2046	2231	107	117	92	64	49	48	121	108	108	9	5	2
2:36:00	34.0	2675	2112	2249	109	110	88	60	55	49	121	114	102	7	9	4
2:39:00	34.0	2697	2139	2254	99	118	95	57	49	49	119	118	107	6	8	11
2:42:00	34.0	2719	2150	2285	104	113	90	66	53	46	117	127	110	2	12	13
2:45:00	34.0	2808	2206	2305	109	119	83	61	57	48	117	121	105	4	4	6
2:48:00	34.0	2830	2210	2361	104	124	92	71	53	43	129	113	113	8	3	18
2:51:00	34.0	2833	2271	2390	92	103	84	68	46	49	121	116	115	7	6	6
2:54:00	34.0	2857	2282	2412	105	111	90	68	55	60	122	113	104	9	5	1
2:57:00	34.0	2891	2326	2447	104	115	90	67	58	51	114	123	103	5	4	6
3:00:00	34.0	2964	2338	2507	102	114	86	68	56	47	110	121	113	5	0	5
3:03:00	34.0	2894	2380	2517	102	116	93	67	55	49	116	113	112	4	3	9
3:06:00	34.0	2942	2421	2515	108	120	88	70	54	50	120	117	113	3	9	4
3:09:00	34.0	2968	2449	2599	105	118	83	70	54	55	117	120	108	4	9	5
3:12:00	34.0	3058	2442	2591	106	115	94	72	55	58	123	120	118	2	20	10
3:15:00	34.0	3010	2462	2576	99	113	85	73	58	49	122	119	102	3	16	11
3:18:00	34.0	3056	2472	2659	111	114	98	75	57	56	115	124	107	4	9	5
3:21:00	34.0	3046	2528	2619	114	114	95	76	59	53	116	117	112	6	5	5
3:24:00	34.0	3099	2573	2632	105	119	100	74	59	59	118	127	109	4	9	10
3:27:00	34.0	3150	2549	2739	104	116	92	73	63	51	123	114	108	11	6	6
3:30:00	34.0	3152	2617	2736	110	116	96	77	50	63	116	118	109	5	11	13
3:33:00	34.0	3105	2624	2747	105	112	93	82	64	57	123	124	100	3	6	10
3:36:00	34.0	3181	2664	2758	119	117	90	81	59	62	114	121	107	24	6	0
3:39:00	34.0	3203	2698	2750	107	115	91	84	59	57	119	123	110	0	15	7
3:42:00	34.0	3220	2654	2799	111	110	96	74	56	58	122	121	108	8	12	0
3:45:00	34.0	3251	2760	2817	100	117	89	82	63	63	124	124	109	9	7	1
3:48:00	34.0	3200	2722	2872	104	117	94	76	70	61	122	122	117	10	3	0
3:51:00	34.0	3289	2733	2803	111	113	100	79	62	66	123	118	120	7	4	3
3:54:00	34.0	3302	2797	2902	113	122	93	87	59	63	122	124	109	6	6	8
3:57:00	34.0	3261	2822	2864	112	122	89	85	69	62	120	121	109	5	2	6
4:00:00	34.0	3308	2807	2859	122	113	102	77	61	66	126	125	106	12	4	6
4:03:00	34.0	3308	2851	2852	107	124	91	91	61	68	118	119	110	11	3	7
4:06:00	34.0	3303	2895	2843	102	121	86	81	64	72	119	127	109	8	12	4
4:09:00	34.0	3416	2865	2924	107	113	94	81	71	60	121	117	106	6	4	4
4:12:00	34.0	3334	2832	2935	112	133	92	77	66	66	121	125	107	0	7	1
4:15:00	34.0	3332	2929	2970	109	119	89	75	65	74	124	128	106	7	7	16
4:18:00	34.0	3328	2965	2948	106	116	96	83	68	61	126	116	107	3	21	8
4:21:00	34.0	3378	2911	3034	109	117	95	88	70	66	118	126	110	18	5	3
4:24:00	34.0	3430	2913	3011	105	116	95	89	67	63	121	122	112	9	5	6
4:27:00	34.0	3364	3011	2999	114	113	95	83	69	72	124	128	103	14	1	11
4:30:00	34.0	3420	2981	3015	108	110	92	92	64	67	124	124	108	4	4	5
4:33:00	34.0	3340	2991	3025	115	125	95	82	63	73	129	123	117	10	10	10
4:36:00	34.0	3398	3026	3022	119	120	97	92	68	74	122	123	107	7	11	0
4:39:00	34.0	3437	3021	3027	113	117	96	88	67	67	137	125	109	0	3	14
4:42:00	34.0	3399	2977	3014	122	118	97	92	64	73	125	124	110	6	9	0
4:45:00	34.0	3504	3038	3070	113	106	98	98	69	79	123	124	110	15	5	21
4:48:00	34.0	3462	3093	3021	106	120	86	94	69	76	129	117	117	11	8	5
4:51:00	34.0	3474	3081	3076	115	116	88	95	77	70	122	129	113	7	10	9
4:54:00	34.0	3513	3069	3113	107	117	92	90	65	82	119	123	112	16	13	10
4:57:00	34.0	3524	3109	3141	121	122	97	97	70	79	124	119	110	8	5	5
5:00:00	34.0	3470	3132	3113	109	117	96	91	74	82	127	120	110	10	12	4
5:03:00	34.0	3496	3085	3080	119	120	93	91	69	76	125	120	106	4	7	12
5:06:00	34.0	3529	3083	3193	123	124	94	89	65	78	128	119	111	5	7	6
5:09:00	34.1	3476	3090	3148	112	115	97	93	74	83	137	125	115	4	1	8
5:12:00	34.0	3569	3108	3115	110	126	93	94	78	81	127	116	109	4	12	3
5:15:00	34.0	3582	3133	3154	112	127	107	93	74	80	125	129	106	11	0	12
5:18:00	34.0	3512	3206	3116	115	119	96	101	77	86	129	120	113	17	13	11
5:21:00	34.0	3614	3192	3140	114	122	90	98	69	83	124	122	109	0	11	9
5:24:00	34.0	3504	3214	3159	111	116	97	93	76	92	125	129	123	4	12	3
5:27:00	34.0	3469	3144	3102	119	125	94	97	76	86	129	125	114	6	8	9
5:30:00	34.0	3587	3173	3178	119	128	97	96	68	88	125	117	106	0	13	13
5:33:00	34.0	3625	3229	3291	112	118	94	97	77	97	131	122	113	3	6	10
5:36:00	34.0	3571	3208	3198	107	132	100	99	75	89	118	115	109	4	3	5
5:39:00	34.0	3638	3245	3189	114	126	100	100	81	88	126	122	114	2	1	2
5:42:00	34.0	3517	3208	3185	115	123	101	101	72	84	125	120	114	11	12	2
5:45:00	34.0	3707	3275	3232	122	117	98	105	74	81	126	116	113	11	0	10
5:48:00	34.0	3648	3229	3255	126	121	89	98	76	94	133	115	113	9	10	4
5:51:00	34.0	3616	3279	3240	112	119	94	101	71	90	129	120	119	10	6	3
5:54:00	34.0	3612	3240	3239	108	122	98	105	82	86	136	122	109	7	11	5
5:57:00	34.0	3615	3350	3259	109	124	97	99	76	92	131	111	111	7	9	7
6:00:00	34.0	3654	3257	3285	116	128	97	107	83	93	129	119	116	3	3	3
6:03:00	34.0	3661	3326	3235	117	123	90	103	74	92	127	120	115	8	4	9
6:06:00	34.0	3728	3282	3334	124	122	104	100	82	92	130	127	118	8	2	16
6:09:00	34.0	3725	3346	3336	118	129	100	113	85	83	123	121	106	0	7	7
6:12:00	34.0	3616	3331	3338	117	120	100	106	83	93	126	115	115	15	7	7
6:15:00	34.0	3655	3336	3282	113	112	102	104	82	93	121	115	108	6	6	9
6:18:00	34.0	3676	3325	3348	115	125	100	108	77	103	133	124	111	7	8	1
6:21:00	34.0	3699	3335	3326	124	125	87	102	83	95	124	120	108	3	2	1
6:24:00	34.0	3700	3317	3330	117	129	91	102	74	94	122	117	106	11	5	7
6:27:00	34.0	3654	3334	3370	110	127	102	109	84	96	129	125	118	8	4	6
6:30:00	34.0	3722	3379	3346	109	123	96	115	84	99	139	126	109	6	10	2
6:33:00	34.0	3708	3363	3382	110	126	95	111	77	97	132	126	119	2	7	4
6:36:00	34.0	3627	3352	3395	115	122	108	109	88	90	122	120	116	12	11	9
6:39:00	34.0	3689	3471	3356	115	120	98	110	82	92	125	118	124	6	7	5
6:42:00	34.0	3706	3422	3351	119	132	94	111	82	98	123	121	109	8	10	8
6:45:00	34.0	3741	3375	3319	112	123	97	81	85	95	123	122	111	6	4	2
6:48:00	34.0	3727	3371	3398	117	123	90	109	86	95	129	120	115	4	3	10
6:51:00	34.0	3756	3440	3380	114	130	96	110	92	99	127	122	117	5	10	10
6:54:00	34.0	3729	3474	3288	124	133	107	111	86	96	130	121	117	11	7	0
6:57:00	34.0	3609	3474	3360	121	133	101	116	79	102	134	114	125	10	7	7
7:00:00	34.0	3708	3436	3415	117	125	97	108	95	98	126	115	117	7	4	7
7:03:00	34.1	3792	3473	3419	117	126	88	116	86	105	131	121	118	3	8	5
7:06:00	34.0	3766	3430	3425	111	129	86	116	83	99	133	118	122	7	5	10
7:09:00	34.0	3796	3457	3310	118	126	95	116	83	96	131	131	105	0	7	12
7:12:00	34.0	3788	3386	3457	114	123	100	114	91	94	121	122	113	7	11	0
7:15:00	34.0	3761	3448	3412	117	126	99	122	95	105	127	125	123	2	4	3
7:18:00	34.0	3795	3554	3374	114	127	106	111	89	113	122	126	105	1	4	5
7:21:00	34.0	3799	3563	3403	121	133	104	125	92	103	128	116	115	13	5	5
7:24:00	34.0	3796	3534	3402	119	132	103	109	90	106	133	123	108	2	1	10
7:27:00	34.0	3774	3510	3431	120	128	101	127	97	101	127	126	111	6	7	4
7:30:00	34.0	3752	3483	3482	117	131	98	123	95	109	125	120	116	11	0	5
7:33:00	34.0	3801	3439	3442	116	125	97	124	96	112	131	123	116	6	2	2
7:36:00	34.0	3799	3485	3481	115	131	101	124	88	102	138	114	107	7	3	5
7:39:00	34.0	3813	3457	3457	119	128	96	117	92	110	128	126	113	7	5	0
7:42:00	34.0	3878	3582	3421	117	131	102	124	94	109	132	122	118	2	9	0
7:45:00	34.0	3750	3468	3504	118	123	101	115	98	109	130	125	115	6	11	8
7:48:00	34.0	3835	3614	3446	119	129	100	123	97	109	124	126	118	9	7	6
7:51:00	34.0	3847	3526	3506	116	125	101	130	103	98	132	118	108	8	2	7
7:54:00	34.0	3907	3566	3505	117	130	99	126	96	106	125	126	109	6	9	1
7:57:00	34.0	3833	3510	3555	124	132	100	120	99	107	130	127	114	8	9	8
8:00:00	34.0	3836	3571	3578	115	122	100	127	99	112	125	116	112	10	8	10
8:03:00	34.0	3849	3572	3505	112	124	97	125	96	112	124	128	116	7	7	15
8:06:00	34.0	3851	3581	3602	122	131	98	126	97	108	133	120	109	0	0	10
8:09:00	34.0	3897	3582	3547	119	124	102	123	100	110	124	123	116	7	6	5
8:12:00	34.0	3861	3582	3491	116	132	99	118	103	109	135	116	111	0	8	8
8:15:00	34.0	3959	3603	3563	121	125	101	133	103	107	122	126	117	3	4	2
8:18:00	34.0	3814	3542	3635	119	126	103	123	98	110	128	127	117	11	16	9
8:21:00	34.0	3825	3554	3528	119	127	96	128	104	114	125	123	107	5	5	1
8:24:00	34.0	3853	3673	3535	126	134	104	138	100	107	126	125	122	7	1	6
8:27:00	34.0	3855	3663	3582	126	125	108	128	104	110	126	120	115	8	1	4
8:30:00	34.0	3769	3578	3516	114	137	95	129	101	113	129	120	104	19	9	3
8:33:00	34.0	3897	3594	3545	115	130	93	126	99	111	130	127	115	8	7	7
8:36:00	34.0	3955	3588	3538	118	120	105	134	106	115	128	123	112	9	7	12
8:39:00	34.0	3843	3678	3561	118	125	102	131	100	112	129	125	119	6	1	5
8:42:00	34.0	3808	3657	3572	122	122	98	135	101	112	132	120	115	4	11	0
8:45:00	34.0	3953	3658	3554	119	132	102	130	102	116	131	122	115	7	4	7
8:48:00	34.0	3834	3654	3523	113	127	105	128	102	111	123	119	119	11	1	3
8:51:00	34.0	3926	3682	3569	118	128	99	131	107	117	126	117	120	4	3	5
8:54:00	34.0	3852	3585	3495	115	127	96	148	108	114	137	121	104	12	10	11
8:57:00	34.0	3859	3554	3523	120	129	105	126	102	118	134	116	115	5	9	6
9:00:00	34.0	3852	3640	3561	124	132	108	131	106	122	124	117	114	5	3	4
9:03:00	34.0	3847	3601	3601	114	129	106	149	105	113	140	121	115	4	7	11
9:06:00	34.0	3819	3598	3610	119	127	101	137	116	116	138	128	114	9	11	6
9:09:00	34.0	3938	3654	3494	122	128	104	141	109	119	130	126	109	3	6	5
9:12:00	34.0	3955	3689	3597	120	119	103	142	107	126	127	123	113	2	14	5
9:15:00	34.0	3912	3658	3572	125	140	103	146	108	125	126	129	120	5	9	6
9:18:00	34.0	3965	3551	3597	122	131	97	146	111	119	126	119	124	8	6	5
9:21:00	34.0	3861	3654	3545	130	129	100	140	112	107	135	120	112	8	6	9
9:24:00	34.0	3877	3696	3556	123	128	99	138	103	122	126	123	116	2	0	8
9:27:00	34.0	3999	3621	3596	119	124	102	129	111	113	129	122	118	7	7	9
9:30:00	34.0	3974	3657	3597	121	128	104	145	105	120	133	121	119	4	0	13
9:33:00	34.0	3867	3726	3597	127	131	94	142	104	118	135	129	119	5	7	9
9:36:00	34.0	3954	3671	3563	120	124	101	149	109	131	119	130	114	7	8	0
9:39:00	34.0	3837	3659	3637	120	126	106	140	113	120	130	121	110	8	3	5
9:42:00	34.0	3954	3754	3650	115	137	98	146	110	118	131	120	115	7	10	2
9:45:00	34.0	4024	3691	3626	126	127	98	145	114	127	133	126	113	8	6	0
9:48:00	34.0	3931	3729	3591	124	127	102	147	110	129	128	131	114	7	2	10
9:51:00	34.0	3961	3687	3518	122	134	102	138	110	127	125	122	121	7	5	8
9:54:00	34.0	3938	3739	3609	120	131	102	140	114	115	129	120	118	10	3	11
9:57:00	34.0	3951	3765	3621	122	133	107	148	114	120	125	120	109	3	5	0
10:00:00	34.0	3928	3597	3596	122	125	105	144	118	113	132	112	118	6	17	0
10:03:00	34.0	3971	3710	3670	120	128	103	142	113	118	127	120	119	11	4	15
10:06:00	34.0	3895	3793	3734	123	126	103	148	110	125	129	127	114	4	5	7
10:09:00	34.0	3980	3730	3690	122	132	102	151	120	126	129	112	118	5	11	9
10:12:00	34.0	3980	3706	3606	126	131	93	140	112	124	128	119	125	8	10	7
10:15:00	34.0	3979	3750	3618	123	132	104	151	117	123	129	128	125	7	10	2
10:18:00	34.0	4015	3727	3733	125	135	104	148	118	125	131	125	114	2	7	10
10:21:00	34.0	3978	3717	3626	119	134	102	145	119	127	130	116	119	11	10	10
10:24:00	34.0	3942	3716	3618	133	132	103	148	119	128	128	120	122	7	5	16
10:27:00	34.0	3993	3765	3683	112	129	100	145	123	122	129	119	116	6	5	14
10:30:00	34.0	3973	3734	3721	118	134	106	143	124	119	137	120	116	10	8	12
10:33:00	34.0	3912	3668	3657	121	137	99	154	121	123	129	126	116	13	11	6
10:36:00	34.0	3969	3810	3671	124	128	102	155	120	127	129	123	118	8	9	7
10:39:00	34.0	4014	3810	3700	120	128	105	155	123	120	129	127	124	14	11	3
10:42:00	34.0	3935	3753	3682	131	132	102	155	125	129	125	120	121	7	8	5
10:45:00	34.0	3912	3809	3643	122	134	99	150	119	128	125	119	120	6	6	2
10:48:00	34.0	3910	3734	3681	120	129	96	156	121	117	123	122	114	8	6	8
10:51:00	34.0	3970	3761	3621	125	127	103	152	119	126	136	130	112	0	8	3
10:54:00	34.0	3982	3801	3710	125	131	102	167	121	130	127	128	123	12	7	5
10:57:00	34.0	3912	3789	3645	129	136	115	160	119	127	123	120	117	9	16	9
11:00:00	34.0	3991	3784	3597	119	129	114	157	118	132	124	118	112	7	4	6
11:03:00	34.0	3978	3803	3636	124	130	103	155	121	125	131	139	118	5	0	7
11:06:00	34.0	4003	3812	3680	124	132	108	155	120	126	118	120	122	5	9	19
11:09:00	34.0	3991	3820	3627	119	134	104	160	119	131	133	134	122	7	5	9
11:12:00	34.0	3969	3870	3698	120	130	100	167	127	122	125	120	113	2	12	6
11:15:00	34.0	3928	3749	3704	122	134	108	155	124	121	125	123	118	11	1	6
11:18:00	34.0	3941	3834	3612	123	131	99	161	125	133	127	121	126	8	7	5
11:21:00	34.0	3983	3748	3708	121	134	103	161	135	127	127	122	119	3	1	7
11:24:00	34.0	3945	3783	3729	126	136	111	167	126	136	128	129	125	7	0	6
11:27:00	34.0	3984	3732	3709	128	132	101	166	129	139	123	127	116	10	7	8
11:30:00	34.0	4072	3794	3692	121	136	107	173	130	128	132	121	121	6	9	7
11:33:00	34.0	3973	3831	3725	128	129	100	165	132	140	130	123	117	2	5	2
11:36:00	34.0	3968	3846	3718	119	131	102	156	131	132	134	130	109	10	1	7
11:39:00	34.0	4048	3779	3656	123	136	110	159	130	128	135	133	128	6	3	7
11:42:00	34.0	4059	3765	3728	120	136	105	168	137	135	125	123	114	4	7	2
11:45:00	34.0	3956	3875	3681	126	130	107	162	127	142	129	121	113	2	1	7
11:48:00	34.0	4066	3807	3777	125	133	105	164	138	133	127	127	130	4	11	5
11:51:00	34.0	4011	3768	3701	124	134	109	163	126	132	126	119	117	6	6	11
11:54:00	34.0	4018	3866	3684	121	129	103	157	134	143	137	128	128	8	3	8
11:57:00	34.0	4018	3822	3743	122	134	110	166	130	130	129	121	108	10	9	9
12:00:00	34.0	3987	3788	3741	124	130	105	167	129	141	129	120	123	5	7	1
12:03:00	34.0	3947	3879	3732	125	141	109	163	131	130	129	124	112	7	10	12
12:06:00	34.0	3979	3803	3614	121	148	101	168	127	126	127	117	113	11	0	2
12:09:00	34.0	4032	3739	3715	125	137	110	164	131	136	127	122	118	11	1	7
12:12:00	34.0	4112	3812	3636	121	140	99	162	139	142	128	120	119	5	5	13
12:15:00	34.0	3955	3847	3709	127	132	102	166	132	136	125	122	120	4	6	10
12:18:00	34.0	4032	3874	3711	124	135	102	164	133	139	132	120	112	6	4	10
12:21:00	34.0	3954	3772	3690	127	139	106	169	134	130	136	127	111	6	4	9
12:24:00	34.0	4030	3871	3656	121	134	103	166	139	140	124	122	118	8	7	14
12:27:00	34.0	3937	3860	3757	120	130	111	175	141	135	131	120	113	8	0	6
12:30:00	34.0	4002	3831	3729	121	132	100	176	142	136	134	128	123	9	3	0
12:33:00	34.0	3951	3841	3672	128	142	106	171	131	139	132	122	117	11	3	9
12:36:00	34.0	4019	3871	3750	117	131	100	173	131	121	135	121	114	0	5	8
12:39:00	34.0	4053	3795	3737	125	130	107	169	142	140	127	118	124	4	2	9
12:42:00	34.0	3995	3822	3669	127	132	104	171	133	138	137	124	115	0	6	4
12:45:00	34.0	3955	3800	3731	130	133	111	176	147	141	126	121	120	7	5	0
12:48:00	34.0	4017	3783	3727	119	133	105	176	138	146	127	125	112	4	6	4
12:51:00	34.0	4064	3821	3748	123	132	110	170	137	145	129	125	117	8	4	12
12:54:00	34.0	4034	3832	3760	130	131	92	177	145	132	126	123	119	7	4	6
12:57:00	34.0	4053	3852	3753	129	135	107	176	138	135	134	122	120	3	0	4
13:00:00	34.0	4028	3864	3739	130	141	111	179	138	141	134	119	117	7	5	6
13:03:00	34.0	3974	3778	3728	128	131	103	186	145	138	127	121	121	15	0	8
13:06:00	34.0	3961	3877	3765	122	131	104	178	141	133	131	118	125	3	12	4
13:09:00	34.0	3997	3783	3717	123	130	93	168	140	143	133	124	119	8	10	7
13:12:00	34.0	4049	3807	3753	114	140	110	179	145	141	128	123	115	13	12	20
13:15:00	34.0	4078	3849	3764	122	137	109	172	142	146	127	132	116	5	0	7
13:18:00	34.0	3988	3885	3706	126	132	116	181	145	134	129	124	109	9	5	9
13:21:00	34.0	3993	3893	3665	128	133	103	184	147	144	132	121	122	6	8	2
13:24:00	34.0	3911	3859	3682	128	133	111	177	146	144	126	125	120	6	4	3
13:27:00	34.0	3966	3886	3740	123	136	106	173	155	143	128	120	119	10	7	2
13:30:00	34.0	4054	3887	3755	127	133	104	177	137	141	135	122	122	4	12	6
13:33:00	34.0	4022	3914	3787	122	132	106	177	156	148	129	124	119	6	9	6
13:36:00	34.0	3921	3890	3730	128	138	90	179	146	148	123	126	117	4	7	4
13:39:00	34.0	4005	3819	3724	122	133	109	183	153	150	131	125	119	5	6	7
13:42:00	34.0	3950	3910	3763	136	142	108	185	147	148	121	123	122	9	0	7
13:45:00	34.0	3991	3878	3728	125	142	102	187	149	147	129	125	112	5	0	4
13:48:00	34.0	4042	3893	3747	122	142	109	177	154	145	129	127	119	0	8	8
13:51:00	34.0	4077	3906	3686	122	143	114	183	144	143	132	132	125	9	5	0
13:54:00	34.0	3970	3917	3800	133	138	103	181	149	146	133	128	124	0	8	14
13:57:00	34.0	3981	3826	3760	129	135	114	185	150	142	137	117	116	0	0	11
14:00:00	34.0	4029	3948	3791	129	139	101	184	142	157	133	121	121	3	1	14
14:03:00	34.0	4063	3867	3761	130	141	108	188	150	148	133	122	119	3	8	7
14:06:00	34.0	4070	3862	3735	129	143	111	182	153	138	127	129	121	0	9	10
14:09:00	34.0	3965	3765	3817	128	129	106	186	150	152	128	122	122	11	8	5
14:12:00	34.0	4025	3877	3790	125	133	113	194	163	155	137	126	108	9	7	6
14:15:00	34.0	3946	3885	3753	127	147	117	187	157	160	127	131	117	8	8	5
14:18:00	34.0	4104	3764	3771	129	141	108	190	148	147	133	125	119	8	4	8
14:21:00	34.0	4016	3877	3756	129	136	109	192	160	143	128	125	115	13	11	5
14:24:00	34.0	4042	3885	3763	122	138	103	191	144	138	124	127	120	9	5	9
14:27:00	34.0	4035	3895	3759	127	140	106	185	160	146	132	122	117	4	7	9
14:30:00	34.0	4031	3867	3746	128	133	115	191	153	154	132	123	116	0	7	7
14:33:00	34.0	3957	3853	3775	133	141	96	192	161	154	123	126	120	7	4	6
14:36:00	34.0	4037	3866	3693	121	135	106	192	158	160	130	121	115	4	5	4
14:39:00	34.0	3946	3843	3808	127	136	105	198	151	148	131	120	119	7	10	0
14:42:00	34.0	3927	3961	3841	134	132	109	176	157	153	133	118	116	7	2	3
14:45:00	34.0	4051	3868	3825	124	136	106	188	158	158	141	121	123	10	8	4
14:48:00	34.0	4068	3916	3812	129	143	113	189	149	147	134	118	119	4	5	0
14:51:00	34.0	3964	3953	3777	127	136	106	198	165	158	130	124	115	7	8	0
14:54:00	34.0	3923	3886	3783	134	141	104	199	158	162	125	132	122	9	7	16
14:57:00	34.0	4002	3883	3753	122	142	108	199	158	162	138	117	122	15	8	4
15:00:00	34.0	4041	3913	3739	130	139	107	193	160	157	131	124	118	7	4	3
15:03:00	34.0	4056	3927	3768	139	144	111	185	162	156	131	131	120	19	3	14
15:06:00	34.0	3958	3869	3802	129	137	108	195	161	161	127	117	115	4	0	9
15:09:00	34.0	4117	3913	3829	127	136	107	191	162	155	135	133	120	5	16	5
15:12:00	34.0	4000	3897	3739	121	136	96	207	168	161	139	130	111	8	12	18
15:15:00	34.0	3987	3842	3798	135	137	111	190	161	152	135	127	112	8	7	7
15:18:00	34.0	4089	3963	3796	132	135	100	200	164	158	127	119	127	5	6	6
15:21:00	34.0	3994	3891	3842	122	138	106	199	167	161	124	127	121	0	6	3
15:24:00	34.0	4013	3919	3740	127	137	102	184	163	162	131	115	120	10	8	6
15:27:00	34.0	3947	3923	3798	126	138	112	195	162	164	135	118	125	6	5	5
15:30:00	34.0	4010	3916	3798	132	138	106	198	162	168	135	129	115	17	6	17
15:33:00	34.0	4032	3878	3791	135	135	108	194	167	152	127	114	115	2	6	11
15:36:00	34.0	4056	3946	3720	124	145	109	203	166	170	125	130	121	5	4	3
15:39:00	34.0	4086	3811	3706	130	138	105	199	164	154	119	119	124	2	4	5
15:42:00	34.0	3984	3899	3719	126	140	107	197	159	168	122	123	116	7	3	10
15:45:00	34.0	3991	3814	3823	127	145	109	189	166	162	124	130	117	10	5	4
15:48:00	34.0	3987	3815	3829	134	132	109	210	173	166	123	124	116	4	9	5
15:51:00	34.0	4027	3940	3823	128	139	114	209	169	171	134	128	119	4	6	5
15:54:00	34.0	3959	3966	3887	134	137	112	194	174	164	132	117	120	12	10	4
15:57:00	34.0	4008	3864	3778	122	137	108	196	168	160	127	121	125	6	10	4
16:00:00	34.0	4065	3921	3858	138	143	107	197	174	164	132	123	123	7	9	0
16:03:00	34.0	3950	3975	3838	127	135	112	204	175	155	127	122	130	9	7	8
16:06:00	34.0	4011	3892	3815	134	142	98	207	168	169	138	136	116	4	4	7
16:09:00	34.0	3932	3991	3852	132	155	112	203	171	163	133	118	117	0	5	7
16:12:00	34.0	3985	3866	3814	119	137	110	211	169	172	129	127	115	6	7	4
16:15:00	34.0	4066	3989	3800	126	133	113	205	150	166	131	120	116	7	1	9
16:18:00	34.0	4087	3944	3757	127	143	108	203	178	174	131	122	122	8	13	12
16:21:00	34.0	4036	3896	3810	130	135	109	204	161	172	143	121	121	2	8	6
16:24:00	34.0	4039	3895	3748	125	144	110	209	172	162	125	127	131	1	8	0
16:27:00	34.0	4118	3973	3737	123	138	107	201	170	167	138	116	120	5	2	8
16:30:00	34.0	4031	3960	3752	144	134	107	210	173	164	143	123	122	7	11	12
16:33:00	34.0	3964	3891	3815	129	135	115	194	174	168	136	120	125	4	9	8
16:36:00	34.0	3980	3937	3757	126	139	109	206	168	169	133	131	120	9	6	10
16:39:00	34.0	4015	3919	3824	125	141	110	208	176	176	130	120	123	4	0	7
16:42:00	34.0	4062	3910	3760	130	137	113	204	177	172	138	120	120	17	14	6
16:45:00	34.0	3997	3921	3743	127	149	113	207	173	175	145	130	121	6	9	9
16:48:00	34.0	4101	3917	3735	129	135	113	208	177	171	134	122	127	6	6	5
16:51:00	34.0	4061	3919	3707	129	141	109	223	176	169	124	124	120	12	6	5
16:54:00	34.0	3979	3850	3784	130	140	110	213	177	175	129	128	119	3	7	5
16:57:00	34.0	4047	3887	3810	128	141	113	207	184	172	132	124	117	4	3	6
17:00:00	34.0	3952	3878	3744	131	138	105	215	181	175	133	121	116	7	5	8
17:03:00	34.0	3917	3886	3723	136	140	116	211	187	169	130	126	118	0	11	6
17:06:00	34.0	4065	3914	3790	127	139	97	214	176	168	141	133	116	10	18	3
17:09:00	34.0	4037	3951	3737	129	148	109	207	185	179	137	131	122	9	10	4
17:12:00	34.0	4052	3944	3774	129	141	105	208	181	173	140	120	119	22	0	7
17:15:00	34.0	4013	3903	3770	139	145	112	210	183	171	133	118	120	13	8	4
17:18:00	34.0	4019	4008	3738	128	141	104	219	178	182	130	115	113	11	0	2
17:21:00	34.0	3967	3956	3841	131	142	107	211	192	183	127	123	123	0	3	2
17:24:00	34.0	4103	3902	3811	128	138	109	211	184	180	140	127	112	5	4	5
17:27:00	34.0	4059	3887	3754	137	145	101	205	182	168	129	122	124	0	4	5
17:30:00	34.0	4043	3872	3859	133	139	110	215	182	178	140	124	118	8	10	9
17:33:00	34.0	4115	3992	3801	130	137	111	219	191	185	131	132	116	4	0	6
17:36:00	34.0	4094	3964	3706	138	137	112	221	188	178	133	131	123	8	8	6
17:39:00	34.0	4049	3958	3805	132	130	111	209	182	178	134	123	120	4	17	4
17:42:00	34.0	4087	3966	3814	133	139	109	218	189	184	132	118	119	8	4	10
17:45:00	34.0	4010	3899	3823	130	145	109	213	190	180	130	120	119	11	3	8
17:48:00	34.0	4098	3972	3811	134	149	105	200	181	182	130	121	119	6	10	8
17:51:00	34.0	4114	3901	3718	148	143	109	218	196	173	140	120	124	10	12	6
17:54:00	34.0	4010	3975	3894	136	143	100	223	185	185	130	126	126	7	4	6
17:57:00	34.0	4098	3912	3821	132	141	101	223	199	191	131	131	122	10	7	3
18:00:00	34.0	4050	3903	3804	132	147	106	219	195	185	132	121	116	5	4	11
18:03:00	34.0	4117	3869	3822	131	138	110	214	192	188	130	131	118	2	3	6
18:06:00	34.0	3944	3974	3795	133	139	109	224	185	191	133	119	124	12	12	9
18:09:00	34.0	4061	3890	3792	126	142	105	216	198	185	132	132	117	2	6	7
18:12:00	34.0	4032	3932	3757	126	145	110	216	200	197	134	123	121	2	9	6
18:15:00	34.0	4090	3964	3801	131	139	113	211	197	187	133	122	121	15	11	13
18:18:00	34.0	4065	3966	3815	121	137	106	215	188	190	126	129	125	8	5	11
18:21:00	34.0	4117	3959	3856	129	142	104	217	188	185	130	127	120	14	3	10
18:24:00	34.0	4014	4036	3756	118	139	108	222	198	185	133	122	109	6	0	9
18:27:00	34.0	4068	3932	3833	128	152	108	218	200	191	133	120	119	8	4	4
18:30:00	34.0	4052	4014	3850	132	145	113	218	189	183	129	126	118	9	9	7
18:33:00	34.0	4124	3934	3857	134	145	114	225	199	191	141	126	118	7	7	7
18:36:00	34.0	4110	3952	3866	128	128	107	221	197	197	118	125	120	7	6	11
18:39:00	34.0	4112	3869	3860	137	139	109	210	195	198	131	124	121	10	11	5
18:42:00	34.0	4110	3956	3895	129	136	113	221	202	195	136	124	123	2	3	6
18:45:00	34.0	4078	3963	3899	137	140	108	220	194	202	128	119	122	7	6	0
18:48:00	34.0	4076	3938	3829	135	143	107	217	199	209	132	119	123	11	8	6
18:51:00	34.0	4059	3995	3892	132	138	115	215	195	201	129	123	126	4	0	0
18:54:00	34.0	4045	3908	3841	137	139	112	220	197	207	140	125	120	7	14	2
18:57:00	34.0	4069	3953	3778	134	143	107	222	197	202	136	131	132	7	12	5
19:00:00	34.0	4094	4025	3867	129	140	110	218	200	196	134	136	121	0	7	15
19:03:00	34.0	3973	3902	3898	130	142	104	224	202	203	131	126	119	9	5	10
19:06:00	34.0	4124	3935	3816	130	147	119	223	207	203	142	131	118	9	3	6
19:09:00	34.0	4028	3979	3830	123	139	105	213	197	209	125	124	123	0	10	7
19:12:00	34.0	4000	3980	3737	137	143	116	222	208	220	127	124	108	8	3	6
19:15:00	34.0	4108	4070	3901	131	147	112	224	205	204	125	130	121	8	4	14
19:18:00	34.0	4068	3981	3801	131	147	113	213	210	208	135	121	124	10	5	12
19:21:00	34.0	3988	3908	3820	135	153	109	218	206	200	136	125	131	10	8	9
19:24:00	34.0	4102	3919	3808	128	138	102	225	205	208	136	122	123	15	0	12
19:27:00	34.0	4106	3940	3812	123	147	110	226	204	206	132	124	121	6	0	0
19:30:00	34.0	4102	3964	3800	125	142	104	216	203	209	129	139	122	0	6	2
19:33:00	34.0	3940	3980	3822	135	138	118	218	211	206	136	128	112	6	9	3
19:36:00	34.0	4086	3931	3891	138	138	107	224	206	206	135	130	114	0	7	3
19:39:00	34.0	4057	3917	3822	130	139	106	222	209	201	126	125	115	2	5	5
19:42:00	34.0	4148	3841	3797	136	144	115	229	209	214	130	118	116	5	7	2
19:45:00	34.0	4090	4027	3799	144	147	110	225	204	214	151	130	114	9	11	10
19:48:00	34.0	4054	3941	3822	135	137	114	232	203	214	128	126	117	12	12	5
19:51:00	34.0	4175	3899	3791	128	138	107	228	208	210	138	120	111	9	7	0
19:54:00	34.0	4172	3982	3896	130	135	104	233	211	202	132	122	120	8	8	4
19:57:00	34.0	4020	3989	3836	125	139	115	233	204	221	128	119	123	8	13	8
20:00:00	34.0	4150	3955	3711	132	143	107	220	202	209	138	128	122	1	2	2
20:03:00	34.1	4077	3984	3788	128	145	109	217	208	220	138	122	111	3	7	7
20:06:00	34.0	3988	3897	3803	140	132	118	232	205	226	138	138	115	10	7	12
0:00:00																
0:00:00																
0:00:00																
0:00:00																
0:00:00																
0:00:00																
0:00:00																
0:00:00																
0:00:00																
0:00:00																
0:00:00																
0:00:00																
0:00:00																
0:00:00																
0:00:00																
0:00:00																
0:00:00																
0:00:00																
0:00:00																
0:00:00																
0:00:00																
0:00:00																
0:00:00																
0:00:00																
0:00:00																
0:00:00																
0:00:00																
0:00:00																
0:00:00																
0:00:00																
0:00:00																
0:00:00																
0:00:00																
0:00:00																
0:00:00																
0:00:00																
0:00:00																
0:00:00																
0:00:00																
0:00:00																
0:00:00																
0:00:00																
0:00:00																
0:00:00																
0:00:00																
0:00:00																
0:00:00																
0:00:00																
0:00:00																
0:00:00																
0:00:00																
0:00:00																
0:00:00																
0:00:00																
0:00:00																
0:00:00																
0:00:00																
0:00:00																
0:00:00																
0:00:00																
0:00:00																
0:00:00																
0:00:00																
0:00:00																
0:00:00																
0:00:00																
0:00:00																
0:00:00																
0:00:00																
0:00:00																
0:00:00																
0:00:00																
0:00:00																
0:00:00																
0:00:00																
0:00:00																
0:00:00																
0:00:00																

gfp:485,515[2]

Time	T° gfp:485,515[2]	B12	B13	B14	C12	C13	C14	D12	D13	D14	E12	E13	E14	F12	F13	F14
0:00:09	29.6	2925	1535	1786	3810	4149	3526	734	743	1380	4289	4568	3856	240	230	215
0:03:09	33.0	3472	2109	2403	3870	4142	3493	556	552	1263	4240	4198	3825	219	221	219
0:06:09	34.0	3964	2680	2924	3787	4121	3201	609	490	1200	4122	4404	3682	226	207	217
0:09:09	34.0	4332	3162	3353	3617	3871	3245	699	562	1132	4132	4208	3748	251	200	233
0:12:09	34.0	4985	3776	4166	3717	3898	3157	901	859	1034	4024	4307	3664	215	215	227
0:15:09	34.0	5995	4492	4974	3721	3950	3199	808	876	963	3969	4284	3753	205	229	182
0:18:09	34.0	7016	5367	6301	3615	3875	3132	848	847	894	3948	4007	3535	193	222	230
0:21:09	34.0	8499	6666	7466	3593	3926	3164	836	788	864	3920	4116	3611	220	228	210
0:24:09	34.0	9874	7768	8953	3668	3785	3183	776	800	829	3967	4030	3573	240	198	208
0:27:09	34.0	11776	9223	10465	3567	3958	3093	783	712	819	3965	4090	3590	223	226	243
0:30:09	34.0	13245	10766	12422	3668	3949	3160	791	687	903	4066	4120	3602	223	232	241
0:33:09	34.0	14948	12322	13686	3621	3737	3129	786	679	825	3990	4101	3520	216	194	222
0:36:09	34.0	16960	14058	15764	3517	3797	3127	779	659	898	4098	4071	3503	210	233	253
0:39:09	34.0	19287	15307	17501	3757	3834	3023	801	672	870	3937	3934	3562	231	235	230
0:42:09	34.0	20525	17258	19338	3541	3796	3220	820	672	956	3938	4029	3575	203	230	240
0:45:09	34.0	23528	18681	21615	3585	4002	3246	824	682	961	4083	3985	3602	221	239	220
0:48:09	34.0	25329	20464	22917	3622	3858	3056	807	720	958	4097	3982	3707	213	219	209
0:51:09	34.0	28028	22273	24993	3570	3848	3206	891	790	977	4038	4114	3655	254	217	222
0:54:09	34.0	29642	23995	26436	3566	3855	3185	946	751	1016	4070	4141	3530	207	215	203
0:57:09	34.1	32171	25144	28504	3672	3844	3137	947	772	1023	4043	4023	3771	219	233	223
1:00:09	34.0	34767	26549	30774	3657	3894	3238	1012	858	1098	4063	4150	3647	224	216	201
1:03:09	34.0	37212	28705	32504	3658	4000	3176	1048	825	1097	3940	4054	3695	224	202	199
1:06:09	34.0	38764	30213	34154	3683	3922	3090	1098	868	1110	3969	3986	3725	252	218	234
1:09:09	34.0	41415	32536	36461	3651	3834	3143	1114	920	1148	4121	4113	3742	229	227	218
1:12:09	34.0	43989	33997	37376	3597	3897	3158	1200	979	1233	4030	4060	3649	211	206	213
1:15:09	34.0	46362	35415	40293	3598	3846	3182	1224	983	1176	4033	4116	3700	231	203	226
1:18:09	34.0	48744	36961	41333	3764	3898	3153	1251	996	1258	4123	4159	3668	233	229	233
1:21:09	34.0	50224	38486	43162	3732	3947	3144	1290	1041	1301	4013	4031	3787	207	226	207
1:24:09	34.0	53444	40496	44786	3800	3753	3131	1439	1056	1261	4032	4092	3573	224	214	225
1:27:09	34.0	55725	41576	45774	3706	3909	3135	1449	1177	1290	4042	4089	3698	231	222	186
1:30:09	34.0	56969	43213	48773	3671	4032	3089	1495	1188	1328	4104	4186	3856	229	205	221
1:33:09	34.0	58982	44845	49425	3748	3818	3125	1620	1240	1310	4076	4246	3764	204	209	215
1:36:09	34.0	60921	46678	52072	3660	3870	3237	1614	1230	1465	4097	4061	3830	212	206	241
1:39:09	34.0	64298	47961	54115	3584	3968	3245	1696	1283	1403	4109	4089	3792	240	201	235
1:42:09	34.0	67010	49798	55024	3826	3867	3218	1702	1331	1408	4018	4036	3791	210	204	243
1:45:09	34.0	66575	50887	57173	3720	4032	3095	1719	1364	1464	4246	4011	3768	226	220	211
1:48:09	34.0	69848	52729	58937	3692	3986	3179	1773	1394	1408	4185	3961	3654	221	209	207
1:51:09	34.0	71794	54004	59924	3736	3987	3190	1744	1437	1512	4202	4148	3721	253	211	191
1:54:09	34.0	70755	55524	61407	3632	3904	3202	1862	1459	1540	4216	4177	3855	225	232	224
1:57:09	34.0	75186	55914	62916	3696	3954	3227	1881	1502	1463	4113	4104	3707	227	227	225
2:00:09	34.0	75725	57665	64098	3706	3896	3288	1967	1510	1538	4138	4167	3825	185	235	242
2:03:09	34.0	77541	59406	66153	3831	4145	3262	2038	1570	1599	4298	4195	3816	236	233	215
2:06:09	34.0	80146	60689	67777	3700	3876	3274	1950	1579	1613	4225	4269	3713	248	213	217
2:09:09	34.0	82683	62208	68705	3744	4028	3204	2100	1676	1583	4061	4156	3646	215	200	213
2:12:09	34.0	82449	63826	70718	3779	4012	3172	2102	1762	1618	4136	4124	3872	218	201	223
2:15:09	34.0	86110	65799	71676	3894	4012	3216	2184	1669	1633	4223	4306	3817	215	218	199
2:18:09	34.0	86629	66892	73780	3735	4145	3332	2217	1763	1593	4178	4248	3838	212	207	207
2:21:09	34.0	87606	67029	76416	3737	4155	3277	2144	1732	1674	4150	4156	3871	221	203	203
2:24:09	34.0	89473	68594	74780	3685	4000	3273	2189	1782	1685	4199	4235	3757	254	232	213
2:27:09	34.0	90789	69375	77362	3668	3955	3238	2243	1805	1693	4151	4220	3851	219	212	211
2:30:09	34.0	90438	72080	78718	3849	3969	3342	2241	1861	1731	4303	4183	3837	253	211	223
2:33:09	34.0	93735	73670	77436	3848	4085	3248	2380	1866	1697	4170	4241	3770	215	243	242
2:36:09	34.0	93568	73260	80131	3779	4162	3255	2371	1851	1744	4267	4218	3857	224	218	220
2:39:09	34.0	95100	75964	82366	3787	4058	3311	2379	1834	1716	4171	4296	3854	225	195	217
2:42:09	34.0	94600	78069	82810	3760	4166	3286	2405	1968	1733	4195	4301	3921	225	194	201
2:45:09	34.0	98979	77753	85245	3913	4038	3349	2430	1983	1775	4280	4239	3906	229	204	224
2:48:09	34.0	98366	78860	84984	3780	3990	3264	2500	1914	1804	4303	4343	3868	199	221	232
2:51:09	34.0	OVRFLW	81270	85897	3862	4269	3295	2436	1977	1864	4206	4257	3850	211	214	215
2:54:09	34.0	OVRFLW	81404	89084	3864	4065	3306	2571	1886	1859	4214	4223	3887	222	219	209
2:57:09	34.0	OVRFLW	81880	88010	3796	4009	3350	2603	2026	1855	4255	4329	3888	226	247	217
3:00:09	34.0	OVRFLW	83803	90486	3791	4017	3232	2625	2064	1879	4226	4295	3921	234	198	219
3:03:09	34.0	OVRFLW	86157	91022	3722	4117	3274	2502	2052	1896	4324	4226	3965	246	209	203
3:06:09	34.0	OVRFLW	85308	92387	3778	4064	3246	2706	2106	1913	4276	4409	3884	238	202	195
3:09:09	34.0	OVRFLW	85798	93020	3822	4029	3363	2581	2107	1943	4322	4242	3857	236	210	184
3:12:09	34.0	OVRFLW	88415	93560	3847	4043	3337	2738	2024	2020	4235	4300	3812	258	198	204
3:15:09	34.0	OVRFLW	87489	94843	3902	4086	3292	2675	2135	1993	4426	4264	3848	229	240	204
3:18:09	34.0	OVRFLW	91086	95065	3908	4064	3226	2768	2084	2058	4185	4229	3871	238	225	204
3:21:09	34.0	OVRFLW	91961	95593	3871	4087	3287	2701	2138	2031	4396	4182	3842	211	220	207
3:24:09	34.0	OVRFLW	92227	97454	3904	4127	3179	2793	2093	2078	4265	4255	3997	213	199	202
3:27:09	34.0	OVRFLW	94228	97175	3819	4124	3226	2707	2158	2129	4354	4278	3872	211	222	195
3:30:09	34.0	OVRFLW	92458	98326	3994	4074	3277	2669	2165	2050	4264	4295	3827	218	188	201
3:33:09	34.0	OVRFLW	94509	OVRFLW	3845	4143	3241	2897	2262	2177	4268	4224	3858	221	218	216
3:36:09	34.0	OVRFLW	96812	98457	3805	4069	3324	2875	2156	2200	4429	4319	4017	227	208	208
3:39:09	34.0	OVRFLW	96633	99385	3833	4052	3324	2888	2162	2136	4470	4332	3879	240	215	200
3:42:09	34.0	OVRFLW	96881	98297	3868	4180	3262	2819	2129	2117	4392	4288	3884	236	197	233
3:45:09	34.0	OVRFLW	96635	OVRFLW	3836	4192	3325	2797	2251	2162	4352	4358	3965	223	217	234
3:48:09	34.0	OVRFLW	OVRFLW	OVRFLW	3875	4177	3195	2885	2183	2156	4566	4293	3948	214	199	241
3:51:09	34.0	OVRFLW	99721	OVRFLW	3819	4237	3280	2998	2245	2309	4514	4385	4001	231	211	220
3:54:09	34.0	OVRFLW	OVRFLW	OVRFLW	3907	4110	3349	2889	2316	2289	4481	4189	3973	226	235	223
3:57:09	34.0	OVRFLW	99781	OVRFLW	3971	4305	3405	2988	2240	2326	4402	4381	3856	222	200	219
4:00:09	34.0	OVRFLW	OVRFLW	OVRFLW	3937	4106	3329	2999	2252	2370	4532	4342	3820	209	227	187
4:03:09	34.0	OVRFLW	OVRFLW	OVRFLW	3894	4364	3412	2985	2226	2369	4411	4225	3960	208	206	225
4:06:09	34.0	OVRFLW	OVRFLW	OVRFLW	4028	4144	3291	2982	2261	2491	4418	4321	3858	228	190	212
4:09:09	34.0	OVRFLW	OVRFLW	OVRFLW	4020	4396	3352	3024	2288	2396	4452	4302	3904	219	217	241
4:12:09	34.0	OVRFLW	OVRFLW	OVRFLW	3917	4281	3366	3086	2214	2540	4475	4247	3929	237	196	229
4:15:09	34.0	OVRFLW	OVRFLW	OVRFLW	3897	4296	3334	3049	2315	2624	4517	4373	3889	228	215	211
4:18:09	34.0	OVRFLW	OVRFLW	OVRFLW	3970	4286	3291	3078	2338	2468	4566	4228	4033	242	201	209
4:21:09	34.0	OVRFLW	OVRFLW	OVRFLW	3923	4257	3334	3064	2260	2601	4566	4357	3983	236	194	192
4:24:09	34.0	OVRFLW	OVRFLW	OVRFLW	4032	4233	3418	3069	2256	2538	4297	4567	3967	229	210	223
4:27:09	34.0	OVRFLW	OVRFLW	OVRFLW	3977	4348	3416	3120	2359	2543	4360	4388	3928	226	201	200
4:30:09	34.0	OVRFLW	OVRFLW	OVRFLW	4052	4240	3361	3216	2388	2596	4446	4234	3938	223	223	222
4:33:09	34.0	OVRFLW	OVRFLW	OVRFLW	3984	4282	3395	3115	2397	2641	4445	4488	4030	222	199	220
4:36:09	34.0	OVRFLW	OVRFLW	OVRFLW	4089	4354	3393	3218	2452	2637	4457	4397	4028	258	242	207
4:39:09	34.0	OVRFLW	OVRFLW	OVRFLW	4087	4192	3450	3263	2519	2770	4432	4406	3961	216	230	208
4:42:09	34.0	OVRFLW	OVRFLW	OVRFLW	4042	4241	3335	3247	2428	2736	4429	4382	4019	231	223	200
4:45:09	34.0	OVRFLW	OVRFLW	OVRFLW	3898	4257	3411	3238	2562	2688	4537	4312	3994	196	228	229
4:48:09	34.0	OVRFLW	OVRFLW	OVRFLW	4109	4428	3479	3079	2587	2885	4449	4319	4081	231	207	218
4:51:09	34.0	OVRFLW	OVRFLW	OVRFLW	3985	4359	3441	3256	2441	2713	4568	4386	4014	219	210	210
4:54:09	34.0	OVRFLW	OVRFLW	OVRFLW	3987	4286	3364	3220	2495	2815	4510	4333	4032	220	235	214
4:57:09	34.0	OVRFLW	OVRFLW	OVRFLW	3999	4160	3460	3266	2445	2859	4409	4514	4017	227	220	208
5:00:09	34.0	OVRFLW	OVRFLW	OVRFLW	3973	4339	3282	3375	2520	2901	4406	4387	4006	215	220	207
5:03:09	34.0	OVRFLW	OVRFLW	OVRFLW	3918	4372	3353	3320	2562	2825	4582	4239	3951	214	216	204
5:06:09	34.0	OVRFLW	OVRFLW	OVRFLW	3963	4245	3457	3368	2624	2932	4592	4418	4002	237	204	229
5:09:09	34.1	OVRFLW	OVRFLW	OVRFLW	3976	4420	3421	3340	2557	2999	4516	4375	3867	232	189	215
5:12:09	34.0	OVRFLW	OVRFLW	OVRFLW	4102	4325	3516	3443	2545	2927	4491	4378	4035	210	209	212
5:15:09	34.0	OVRFLW	OVRFLW	OVRFLW	3968	4321	3525	3402	2631	2956	4492	4305	3914	211	197	219
5:18:09	34.0	OVRFLW	OVRFLW	OVRFLW	4036	4363	3429	3408	2546	2971	4597	4296	3927	211	207	198
5:21:09	34.0	OVRFLW	OVRFLW	OVRFLW	4032	4307	3457	3496	2681	3035	4405	4313	3924	223	215	197
5:24:09	34.0	OVRFLW	OVRFLW	OVRFLW	3993	4434	3398	3462	2609	3011	4499	4412	3980	234	197	214
5:27:09	34.0	OVRFLW	OVRFLW	OVRFLW	4060	4424	3466	3439	2694	3087	4474	4304	3829	218	199	229
5:30:09	34.0	OVRFLW	OVRFLW	OVRFLW	4087	4378	3390	3538	2694	3132	4598	4280	4083	235	208	188
5:33:09	34.0	OVRFLW	OVRFLW	OVRFLW	4149	4418	3438	3480	2721	3146	4356	4281	3937	235	208	230
5:36:09	34.0	OVRFLW	OVRFLW	OVRFLW	4118	4288	3466	3459	2655	2993	4463	4234	4042	256	224	191
5:39:09	34.0	OVRFLW	OVRFLW	OVRFLW	4106	4439	3499	3623	2728	3130	4506	4275	4008	221	203	206
5:42:09	34.0	OVRFLW	OVRFLW	OVRFLW	4033	4267	3465	3491	2724	3283	4511	4409	3989	197	219	228
5:45:09	34.0	OVRFLW	OVRFLW	OVRFLW	3960	4435	3444	3717	2759	3148	4448	4262	4102	246	202	197
5:48:09	34.0	OVRFLW	OVRFLW	OVRFLW	4108	4342	3471	3723	2791	3192	4540	4298	3975	210	203	223
5:51:09	34.0	OVRFLW	OVRFLW	OVRFLW	4284	4311	3509	3777	2854	3144	4465	4397	4027	203	226	189
5:54:09	34.0	OVRFLW	OVRFLW	OVRFLW	4011	4383	3430	3842	2784	3343	4520	4359	4012	222	195	197
5:57:09	34.0	OVRFLW	OVRFLW	OVRFLW	4120	4395	3527	3766	2775	3258	4551	4327	4113	245	207	206
6:00:09	34.0	OVRFLW	OVRFLW	OVRFLW	4185	4441	3500	3716	2849	3402	4579	4438	4021	234	239	212
6:03:09	34.0	OVRFLW	OVRFLW	OVRFLW	4099	4361	3450	3769	2929	3295	4602	4382	3963	231	201	212
6:06:09	34.0	OVRFLW	OVRFLW	OVRFLW	4124	4391	3453	3922	3042	3298	4562	4307	4028	198	211	204
6:09:09	34.0	OVRFLW	OVRFLW	OVRFLW	4137	4449	3382	3739	2959	3345	4449	4467	4049	207	199	201
6:12:09	34.0	OVRFLW	OVRFLW	OVRFLW	4170	4321	3368	3829	2763	3389	4506	4351	4029	199	191	225
6:15:09	34.0	OVRFLW	OVRFLW	OVRFLW	4104	4412	3488	3855	2922	3425	4454	4266	3989	201	213	248
6:18:09	34.0	OVRFLW	OVRFLW	OVRFLW	4052	4355	3461	3971	2938	3516	4694	4342	4048	221	217	211
6:21:09	34.0	OVRFLW	OVRFLW	OVRFLW	4093	4551	3571	3802	2900	3439	4537	4289	4161	226	190	204
6:24:09	34.0	OVRFLW	OVRFLW	OVRFLW	4111	4488	3446	3863	2968	3454	4530	4218	4017	225	205	208
6:27:09	34.0	OVRFLW	OVRFLW	OVRFLW	4173	4373	3517	3942	3018	3433	4654	4349	4109	215	217	223
6:30:09	34.0	OVRFLW	OVRFLW	OVRFLW	4324	4421	3507	3819	2936	3491	4484	4344	3974	226	190	214
6:33:09	34.0	OVRFLW	OVRFLW	OVRFLW	4296	4563	3498	4013	3072	3416	4546	4361	4022	212	224	220
6:36:09	34.0	OVRFLW	OVRFLW	OVRFLW	4132	4469	3498	3904	3021	3605	4494	4339	4061	245	209	220
6:39:09	34.0	OVRFLW	OVRFLW	OVRFLW	4228	4475	3452	4072	3041	3599	4544	4354	4087	216	213	204
6:42:09	34.0	OVRFLW	OVRFLW	OVRFLW	4090	4535	3527	4036	2960	3506	4586	4391	4067	222	189	219
6:45:09	34.0	OVRFLW	OVRFLW	OVRFLW	4039	4481	3440	4036	2988	3590	4534	4388	4038	217	210	193
6:48:09	34.0	OVRFLW	OVRFLW	OVRFLW	4211	4455	3462	3987	3082	3703	4658	4299	3940	224	206	192
6:51:09	34.0	OVRFLW	OVRFLW	OVRFLW	4201	4427	3464	4098	3275	3637	4678	4323	4021	191	230	220
6:54:09	34.0	OVRFLW	OVRFLW	OVRFLW	4174	4644	3470	3996	3097	3516	4473	4308	4151	201	232	200
6:57:09	34.0	OVRFLW	OVRFLW	OVRFLW	4141	4364	3595	4228	3090	3675	4576	4431	4011	227	192	212
7:00:09	34.0	OVRFLW	OVRFLW	OVRFLW	4338	4353	3443	4113	3076	3689	4586	4158	4057	226	230	216
7:03:09	34.1	OVRFLW	OVRFLW	OVRFLW	4105	4554	3512	4153	3267	3661	4517	4435	4095	207	210	202
7:06:09	34.0	OVRFLW	OVRFLW	OVRFLW	4159	4497	3607	4379	3201	3779	4623	4453	3930	194	203	210
7:09:09	34.0	OVRFLW	OVRFLW	OVRFLW	4111	4416	3525	4272	3131	3742	4555	4345	4099	202	211	228
7:12:09	34.0	OVRFLW	OVRFLW	OVRFLW	4257	4638	3565	4263	3249	3756	4597	4410	4179	199	190	197
7:15:09	34.0	OVRFLW	OVRFLW	OVRFLW	4163	4548	3618	4271	3363	3665	4699	4217	4021	233	192	213
7:18:09	34.0	OVRFLW	OVRFLW	OVRFLW	4286	4502	3529	4382	3357	3720	4596	4361	4026	208	203	207
7:21:09	34.0	OVRFLW	OVRFLW	OVRFLW	4162	4435	3564	4388	3269	3838	4656	4433	3914	235	204	203
7:24:09	34.0	OVRFLW	OVRFLW	OVRFLW	4260	4477	3599	4308	3316	3799	4585	4433	4093	221	208	203
7:27:09	34.0	OVRFLW	OVRFLW	OVRFLW	4299	4423	3568	4365	3347	3871	4565	4359	4184	202	185	205
7:30:09	34.0	OVRFLW	OVRFLW	OVRFLW	4192	4483	3709	4409	3399	3777	4550	4342	4016	245	216	201
7:33:09	34.0	OVRFLW	OVRFLW	OVRFLW	4220	4706	3633	4224	3321	3871	4492	4457	4042	216	235	209
7:36:09	34.0	OVRFLW	OVRFLW	OVRFLW	4292	4480	3693	4429	3311	3907	4649	4492	4128	234	220	193
7:39:09	34.0	OVRFLW	OVRFLW	OVRFLW	4244	4525	3544	4423	3396	3891	4602	4312	4083	225	203	216
7:42:09	34.0	OVRFLW	OVRFLW	OVRFLW	4150	4693	3631	4439	3466	3812	4587	4378	4043	210	225	189
7:45:09	34.0	OVRFLW	OVRFLW	OVRFLW	4262	4461	3595	4527	3367	3863	4677	4315	4174	233	196	197
7:48:09	34.0	OVRFLW	OVRFLW	OVRFLW	4285	4573	3539	4705	3435	3937	4546	4318	4110	221	210	185
7:51:09	34.0	OVRFLW	OVRFLW	OVRFLW	4371	4564	3581	4570	3454	3881	4582	4516	4196	223	201	230
7:54:09	34.0	OVRFLW	OVRFLW	OVRFLW	4215	4681	3614	4579	3480	3916	4588	4268	4077	239	219	193
7:57:09	34.0	OVRFLW	OVRFLW	OVRFLW	4232	4520	3578	4452	3609	3850	4572	4360	3936	211	199	218
8:00:09	34.0	OVRFLW	OVRFLW	OVRFLW	4195	4681	3539	4504	3496	3996	4545	4381	4113	212	217	220
8:03:09	34.0	OVRFLW	OVRFLW	OVRFLW	4176	4673	3621	4622	3592	3865	4539	4295	4013	195	226	205
8:06:09	34.0	OVRFLW	OVRFLW	OVRFLW	4276	4536	3690	4630	3585	4074	4558	4280	4113	215	235	219
8:09:09	34.0	OVRFLW	OVRFLW	OVRFLW	4295	4629	3739	4643	3621	4035	4542	4363	4130	249	199	192
8:12:09	34.0	OVRFLW	OVRFLW	OVRFLW	4311	4656	3616	4722	3574	4104	4585	4322	4201	220	201	208
8:15:09	34.0	OVRFLW	OVRFLW	OVRFLW	4212	4541	3577	4723	3638	4064	4694	4455	3964	201	208	188
8:18:09	34.0	OVRFLW	OVRFLW	OVRFLW	4363	4591	3633	4796	3645	3970	4646	4375	4232	227	224	205
8:21:09	34.0	OVRFLW	OVRFLW	OVRFLW	4359	4595	3606	4633	3611	3998	4599	4403	4102	226	206	225
8:24:09	34.0	OVRFLW	OVRFLW	OVRFLW	4283	4618	3603	4684	3759	4053	4597	4419	4218	242	201	183
8:27:09	34.0	OVRFLW	OVRFLW	OVRFLW	4318	4784	3653	4811	3616	4128	4553	4454	4199	216	222	181
8:30:09	34.0	OVRFLW	OVRFLW	OVRFLW	4191	4669	3692	4792	3721	3993	4648	4520	4169	219	216	231
8:33:09	34.0	OVRFLW	OVRFLW	OVRFLW	4246	4668	3666	4641	3688	4148	4590	4523	4072	208	207	210
8:36:09	34.0	OVRFLW	OVRFLW	OVRFLW	4375	4676	3726	4736	3545	4104	4650	4501	4160	221	226	234
8:39:09	34.0	OVRFLW	OVRFLW	OVRFLW	4371	4645	3569	4645	3701	3938	4596	4394	4258	223	206	232
8:42:09	34.0	OVRFLW	OVRFLW	OVRFLW	4345	4683	3684	4823	3657	3975	4642	4524	4152	226	178	225
8:45:09	34.0	OVRFLW	OVRFLW	OVRFLW	4196	4618	3660	4910	3717	4233	4435	4275	4160	213	220	213
8:48:09	34.0	OVRFLW	OVRFLW	OVRFLW	4371	4653	3566	4921	3712	4250	4645	4460	4181	201	188	201
8:51:09	34.0	OVRFLW	OVRFLW	OVRFLW	4269	4667	3621	4970	3834	4241	4707	4182	4130	228	216	211
8:54:09	34.0	OVRFLW	OVRFLW	OVRFLW	4312	4613	3653	4910	3804	4157	4612	4429	4099	209	217	212
8:57:09	34.0	OVRFLW	OVRFLW	OVRFLW	4281	4620	3634	4774	3788	4074	4601	4515	4018	225	234	222
9:00:09	34.0	OVRFLW	OVRFLW	OVRFLW	4260	4648	3651	4937	4000	4175	4561	4379	4154	196	201	225
9:03:09	34.0	OVRFLW	OVRFLW	OVRFLW	4332	4657	3654	5028	3793	4304	4588	4423	4142	226	200	204
9:06:09	34.0	OVRFLW	OVRFLW	OVRFLW	4312	4641	3645	5018	3880	4187	4723	4386	4221	212	200	188
9:09:09	34.0	OVRFLW	OVRFLW	OVRFLW	4129	4823	3559	5000	3862	4183	4567	4401	4262	227	199	215
9:12:09	34.0	OVRFLW	OVRFLW	OVRFLW	4251	4612	3637	5048	3932	4244	4721	4376	4210	213	195	198
9:15:09	34.0	OVRFLW	OVRFLW	OVRFLW	4376	4669	3612	5125	3877	4197	4649	4529	4213	197	212	210
9:18:09	34.0	OVRFLW	OVRFLW	OVRFLW	4220	4728	3620	4976	3924	4248	4575	4405	4097	207	196	214
9:21:09	34.0	OVRFLW	OVRFLW	OVRFLW	4160	4601	3598	5170	3877	4247	4502	4297	4133	194	192	196
9:24:09	34.0	OVRFLW	OVRFLW	OVRFLW	4353	4820	3683	5087	3950	4207	4789	4408	4083	201	200	205
9:27:09	34.0	OVRFLW	OVRFLW	OVRFLW	4276	4731	3621	5099	4038	4402	4588	4363	4214	205	203	203
9:30:09	34.0	OVRFLW	OVRFLW	OVRFLW	4345	4798	3587	5242	3968	4298	4790	4434	4102	231	207	198
9:33:09	34.0	OVRFLW	OVRFLW	OVRFLW	4265	4584	3544	5179	4129	4335	4452	4297	4178	206	200	214
9:36:09	34.0	OVRFLW	OVRFLW	OVRFLW	4370	4695	3753	5110	4143	4412	4514	4417	4135	210	194	195
9:39:09	34.0	OVRFLW	OVRFLW	OVRFLW	4286	4671	3640	5240	4027	4497	4641	4506	4212	207	202	208
9:42:09	34.0	OVRFLW	OVRFLW	OVRFLW	4437	4525	3666	5118	4056	4423	4551	4512	4202	193	213	180
9:45:09	34.0	OVRFLW	OVRFLW	OVRFLW	4276	4721	3658	5173	4103	4308	4757	4255	4163	205	169	211
9:48:09	34.0	OVRFLW	OVRFLW	OVRFLW	4394	4688	3572	5236	3928	4391	4586	4379	4076	230	213	226
9:51:09	34.0	OVRFLW	OVRFLW	OVRFLW	4550	4658	3704	5174	4062	4416	4655	4482	4242	233	214	192
9:54:09	34.0	OVRFLW	OVRFLW	OVRFLW	4380	4619	3699	5134	4074	4281	4511	4485	4206	220	226	206
9:57:09	34.0	OVRFLW	OVRFLW	OVRFLW	4360	4671	3619	5330	4077	4337	4690	4450	4187	219	234	219
10:00:09	34.0	OVRFLW	OVRFLW	OVRFLW	4379	4632	3687	5391	4166	4489	4663	4320	4218	182	219	204
10:03:09	34.0	OVRFLW	OVRFLW	OVRFLW	4315	4815	3631	5224	4094	4504	4652	4495	4127	204	208	238
10:06:09	34.0	OVRFLW	OVRFLW	OVRFLW	4450	4682	3674	5445	4164	4574	4645	4437	4182	199	221	217
10:09:09	34.0	OVRFLW	OVRFLW	OVRFLW	4510	4593	3699	5408	4196	4416	4690	4357	4215	229	212	230
10:12:09	34.0	OVRFLW	OVRFLW	OVRFLW	4534	4467	3588	5353	4300	4486	4763	4381	4046	222	191	191
10:15:09	34.0	OVRFLW	OVRFLW	OVRFLW	4478	4741	3717	5505	4290	4573	4652	4387	4128	208	221	216
10:18:09	34.0	OVRFLW	OVRFLW	OVRFLW	4333	4757	3678	5216	4285	4581	4558	4543	4154	217	183	223
10:21:09	34.0	OVRFLW	OVRFLW	OVRFLW	4362	4679	3665	5282	4309	4569	4623	4511	4173	236	198	174
10:24:09	34.0	OVRFLW	OVRFLW	OVRFLW	4333	4685	3823	5343	4276	4577	4661	4561	4097	203	208	237
10:27:09	34.0	OVRFLW	OVRFLW	OVRFLW	4412	4646	3782	5476	4400	4474	4738	4389	4143	221	195	186
10:30:09	34.0	OVRFLW	OVRFLW	OVRFLW	4350	4733	3700	5521	4301	4524	4807	4309	4089	190	206	192
10:33:09	34.0	OVRFLW	OVRFLW	OVRFLW	4431	4666	3639	5520	4297	4441	4671	4339	4286	214	225	221
10:36:09	34.0	OVRFLW	OVRFLW	OVRFLW	4459	4702	3667	5520	4230	4667	4613	4377	4164	226	163	229
10:39:09	34.0	OVRFLW	OVRFLW	OVRFLW	4398	4664	3699	5423	4429	4686	4557	4413	4099	219	207	200
10:42:09	34.0	OVRFLW	OVRFLW	OVRFLW	4262	4591	3685	5451	4523	4547	4596	4398	4166	221	226	197
10:45:09	34.0	OVRFLW	OVRFLW	OVRFLW	4307	4814	3706	5718	4428	4626	4683	4497	4263	208	202	206
10:48:09	34.0	OVRFLW	OVRFLW	OVRFLW	4342	4736	3744	5667	4489	4565	4549	4346	4220	199	216	204
10:51:09	34.0	OVRFLW	OVRFLW	OVRFLW	4360	4716	3728	5677	4366	4738	4553	4463	4049	210	215	210
10:54:09	34.0	OVRFLW	OVRFLW	OVRFLW	4428	4721	3604	5630	4484	4676	4649	4419	4165	189	201	203
10:57:09	34.0	OVRFLW	OVRFLW	OVRFLW	4429	4758	3740	5717	4371	4613	4576	4511	4277	223	208	212
11:00:09	34.0	OVRFLW	OVRFLW	OVRFLW	4484	4786	3634	5603	4453	4741	4650	4425	4085	233	173	206
11:03:09	34.0	OVRFLW	OVRFLW	OVRFLW	4469	4711	3672	5638	4642	4611	4702	4481	4152	235	200	205
11:06:09	34.0	OVRFLW	OVRFLW	OVRFLW	4440	4827	3671	5696	4430	4615	4493	4400	4233	229	236	241
11:09:09	34.0	OVRFLW	OVRFLW	OVRFLW	4493	4850	3664	5653	4448	4801	4620	4496	4151	214	191	241
11:12:09	34.0	OVRFLW	OVRFLW	OVRFLW	4509	4849	3772	5599	4558	4843	4775	4415	4229	199	217	208
11:15:09	34.0	OVRFLW	OVRFLW	OVRFLW	4414	4682	3740	5582	4421	4677	4722	4459	4236	214	217	211
11:18:09	34.0	OVRFLW	OVRFLW	OVRFLW	4377	4748	3696	5745	4463	4747	4636	4490	4232	218	226	205
11:21:09	34.0	OVRFLW	OVRFLW	OVRFLW	4496	4797	3813	5695	4527	4794	4732	4306	4342	207	204	195
11:24:09	34.0	OVRFLW	OVRFLW	OVRFLW	4354	4816	3782	5904	4731	4730	4723	4417	4177	200	207	202
11:27:09	34.0	OVRFLW	OVRFLW	OVRFLW	4365	4704	3667	5838	4511	4784	4766	4195	4179	211	203	191
11:30:09	34.0	OVRFLW	OVRFLW	OVRFLW	4475	4825	3793	5842	4538	4874	4695	4465	4236	215	189	199
11:33:09	34.0	OVRFLW	OVRFLW	OVRFLW	4407	4587	3753	5981	4529	4814	4770	4320	4124	204	205	214
11:36:09	34.0	OVRFLW	OVRFLW	OVRFLW	4410	4849	3629	5815	4620	4789	4683	4402	4258	193	198	191
11:39:09	34.0	OVRFLW	OVRFLW	OVRFLW	4517	4824	3755	5878	4619	4741	4609	4433	4336	209	227	198
11:42:09	34.0	OVRFLW	OVRFLW	OVRFLW	4493	4886	3761	5869	4722	4753	4614	4370	4273	232	198	223
11:45:09	34.0	OVRFLW	OVRFLW	OVRFLW	4471	4617	3697	5908	4752	4940	4539	4431	4310	225	193	190
11:48:09	34.0	OVRFLW	OVRFLW	OVRFLW	4576	4804	3864	5782	4786	4792	4727	4439	4224	207	236	203
11:51:09	34.0	OVRFLW	OVRFLW	OVRFLW	4604	4898	3905	5976	4697	4991	4656	4365	4184	239	187	200
11:54:09	34.0	OVRFLW	OVRFLW	OVRFLW	4353	4844	3776	5912	4622	4763	4812	4472	4228	213	203	216
11:57:09	34.0	OVRFLW	OVRFLW	OVRFLW	4361	4876	3674	6056	4789	4871	4768	4574	4255	216	199	198
12:00:09	34.0	OVRFLW	OVRFLW	OVRFLW	4487	4689	3734	5903	4898	5075	4723	4382	4292	217	198	193
12:03:09	34.0	OVRFLW	OVRFLW	OVRFLW	4490	4778	3813	6035	4830	4951	4612	4385	4242	232	190	212
12:06:09	34.0	OVRFLW	OVRFLW	OVRFLW	4523	4819	3718	6195	4713	5026	4566	4507	4098	210	222	210
12:09:09	34.0	OVRFLW	OVRFLW	OVRFLW	4505	4759	3737	6004	4931	4643	4654	4423	4307	206	187	230
12:12:09	34.0	OVRFLW	OVRFLW	OVRFLW	4498	4788	3813	5907	4866	4965	4679	4346	4219	217	205	210
12:15:09	34.0	OVRFLW	OVRFLW	OVRFLW	4666	4723	3767	5979	4899	4959	4704	4420	4091	245	202	204
12:18:09	34.0	OVRFLW	OVRFLW	OVRFLW	4476	4742	3744	6115	4866	4856	4671	4488	4150	243	200	196
12:21:09	34.0	OVRFLW	OVRFLW	OVRFLW	4461	4810	3920	6155	4851	5096	4629	4443	4293	246	228	210
12:24:09	34.0	OVRFLW	OVRFLW	OVRFLW	4365	4880	3752	6008	4886	4975	4686	4454	4254	234	202	229
12:27:09	34.0	OVRFLW	OVRFLW	OVRFLW	4591	4720	3748	6111	4969	4991	4852	4503	4261	223	190	198
12:30:09	34.0	OVRFLW	OVRFLW	OVRFLW	4492	4918	3690	6064	5040	5023	4751	4270	4289	219	212	207
12:33:09	34.0	OVRFLW	OVRFLW	OVRFLW	4620	4739	3706	6049	4924	5043	4674	4374	4140	239	209	209
12:36:09	34.0	OVRFLW	OVRFLW	OVRFLW	4322	4945	3636	6113	4995	5038	4637	4461	4311	182	202	191
12:39:09	34.0	OVRFLW	OVRFLW	OVRFLW	4507	4867	3658	6181	4941	5147	4649	4426	4313	214	193	209
12:42:09	34.0	OVRFLW	OVRFLW	OVRFLW	4417	4875	3742	6259	4957	5050	4784	4539	4129	220	219	210
12:45:09	34.0	OVRFLW	OVRFLW	OVRFLW	4562	4799	3756	6186	4995	5084	4760	4572	4167	203	207	209
12:48:09	34.0	OVRFLW	OVRFLW	OVRFLW	4533	4864	3842	6308	5075	5134	4662	4489	4276	221	205	228
12:51:09	34.0	OVRFLW	OVRFLW	OVRFLW	4382	4783	3704	6401	5190	4888	4843	4387	4084	233	198	211
12:54:09	34.0	OVRFLW	OVRFLW	OVRFLW	4567	4836	3781	6218	4996	5250	4513	4456	4228	229	191	191
12:57:09	34.0	OVRFLW	OVRFLW	OVRFLW	4706	4675	3704	6178	5203	5165	4713	4598	4318	213	207	232
13:00:09	34.0	OVRFLW	OVRFLW	OVRFLW	4561	4881	3837	6245	5076	5161	4634	4447	4195	215	217	226
13:03:09	34.0	OVRFLW	OVRFLW	OVRFLW	4539	4797	3737	6151	5074	5091	4713	4398	4225	227	205	189
13:06:09	34.0	OVRFLW	OVRFLW	OVRFLW	4446	4932	3759	6278	5135	5198	4696	4441	4171	225	188	216
13:09:09	34.0	OVRFLW	OVRFLW	OVRFLW	4403	4840	3742	6238	5139	5210	4877	4529	4157	206	207	228
13:12:09	34.0	OVRFLW	OVRFLW	OVRFLW	4628	4816	3829	6356	5275	5260	4605	4477	4125	230	207	178
13:15:09	34.0	OVRFLW	OVRFLW	OVRFLW	4419	4908	3866	6402	5294	5048	4656	4421	4305	205	206	193
13:18:09	34.0	OVRFLW	OVRFLW	OVRFLW	4554	4882	3851	6216	5154	5062	4658	4550	4348	206	236	208
13:21:09	34.0	OVRFLW	OVRFLW	OVRFLW	4565	4778	3753	6693	5330	5112	4661	4399	4269	228	221	200
13:24:09	34.0	OVRFLW	OVRFLW	OVRFLW	4481	4933	3836	6454	5200	5391	4631	4647	4297	203	192	187
13:27:09	34.0	OVRFLW	OVRFLW	OVRFLW	4612	4985	3906	6529	5203	5186	4798	4493	4234	222	209	182
13:30:09	34.0	OVRFLW	OVRFLW	OVRFLW	4523	4923	3745	6331	5317	5258	4704	4467	4283	208	200	204
13:33:09	34.0	OVRFLW	OVRFLW	OVRFLW	4516	4800	3794	6449	5376	5133	4727	4366	4237	216	224	228
13:36:09	34.0	OVRFLW	OVRFLW	OVRFLW	4578	4983	3725	6677	5230	5148	4639	4346	4310	226	199	209
13:39:09	34.0	OVRFLW	OVRFLW	OVRFLW	4571	4952	3794	6385	5468	5275	4739	4513	4212	229	212	167
13:42:09	34.0	OVRFLW	OVRFLW	OVRFLW	4518	4968	3804	6615	5443	5143	4744	4473	4266	201	210	208
13:45:09	34.0	OVRFLW	OVRFLW	OVRFLW	4452	4773	3756	6423	5395	5244	4550	4479	4170	193	212	209
13:48:09	34.0	OVRFLW	OVRFLW	OVRFLW	4442	4854	3770	6599	5431	5230	4753	4415	4194	233	201	187
13:51:09	34.0	OVRFLW	OVRFLW	OVRFLW	4506	4782	3761	6600	5398	5185	4769	4529	4170	209	211	209
13:54:09	34.0	OVRFLW	OVRFLW	OVRFLW	4556	4896	3938	6722	5259	5261	4819	4479	4288	217	200	213
13:57:09	34.0	OVRFLW	OVRFLW	OVRFLW	4670	4882	3700	6519	5574	5455	4638	4379	4172	226	214	211
14:00:09	34.0	OVRFLW	OVRFLW	OVRFLW	4673	5040	3841	6662	5476	5222	4583	4302	4220	196	236	211
14:03:09	34.0	OVRFLW	OVRFLW	OVRFLW	4669	4875	3795	6672	5467	5428	4770	4497	4197	214	210	224
14:06:09	34.0	OVRFLW	OVRFLW	OVRFLW	4423	4794	3949	6673	5468	5392	4796	4325	4272	220	231	206
14:09:09	34.0	OVRFLW	OVRFLW	OVRFLW	4425	4937	3848	6597	5519	5334	4741	4576	4252	214	201	201
14:12:09	34.0	OVRFLW	OVRFLW	OVRFLW	4636	4850	3917	6570	5451	5235	4742	4383	4289	187	247	208
14:15:09	34.0	OVRFLW	OVRFLW	OVRFLW	4587	4846	3836	6715	5446	5253	4709	4509	4273	203	209	224
14:18:09	34.0	OVRFLW	OVRFLW	OVRFLW	4580	4956	3790	6791	5595	5411	4767	4493	4346	212	206	221
14:21:09	34.0	OVRFLW	OVRFLW	OVRFLW	4609	4758	3839	6951	5553	5399	4710	4508	4322	198	226	193
14:24:09	34.0	OVRFLW	OVRFLW	OVRFLW	4628	4817	3767	6841	5480	5521	4701	4435	4333	213	215	196
14:27:09	34.0	OVRFLW	OVRFLW	OVRFLW	4702	4871	3770	6912	5500	5451	4704	4512	4444	216	192	213
14:30:09	34.0	OVRFLW	OVRFLW	OVRFLW	4471	4906	3691	6746	5560	5424	4576	4546	4218	203	202	200
14:33:09	34.0	OVRFLW	OVRFLW	OVRFLW	4490	4913	3742	6955	5348	5419	4781	4538	4365	226	188	184
14:36:09	34.0	OVRFLW	OVRFLW	OVRFLW	4521	4939	3873	6744	5533	5475	4686	4376	4327	208	191	205
14:39:09	34.0	OVRFLW	OVRFLW	OVRFLW	4501	5032	3799	6685	5675	5574	4836	4439	4266	246	190	225
14:42:09	34.0	OVRFLW	OVRFLW	OVRFLW	4540	4744	3954	6754	5738	5605	4678	4455	4400	218	205	208
14:45:09	34.0	OVRFLW	OVRFLW	OVRFLW	4543	4946	3895	6717	5725	5569	4917	4401	4355	251	183	225
14:48:09	34.0	OVRFLW	OVRFLW	OVRFLW	4548	5104	3800	6878	5615	5422	4708	4498	4292	207	240	183
14:51:09	34.0	OVRFLW	OVRFLW	OVRFLW	4600	5014	3907	6966	5702	5667	4689	4574	4241	225	210	201
14:54:09	34.0	OVRFLW	OVRFLW	OVRFLW	4445	4901	3925	6801	5656	5589	4817	4555	4206	200	193	197
14:57:09	34.0	OVRFLW	OVRFLW	OVRFLW	4413	4952	3844	6906	5664	5712	4735	4413	4302	197	221	203
15:00:09	34.0	OVRFLW	OVRFLW	OVRFLW	4674	4987	3762	6798	5634	5439	4780	4475	4324	238	219	214
15:03:09	34.0	OVRFLW	OVRFLW	OVRFLW	4545	4901	3909	6808	5670	5707	4796	4347	4413	219	217	216
15:06:09	34.0	OVRFLW	OVRFLW	OVRFLW	4560	5049	3916	7079	5834	5849	4696	4441	4276	216	224	219
15:09:09	34.0	OVRFLW	OVRFLW	OVRFLW	4562	5054	3846	6968	5724	5754	4720	4443	4359	232	202	215
15:12:09	34.0	OVRFLW	OVRFLW	OVRFLW	4650	5047	3913	6929	5880	5797	4764	4418	4133	228	210	212
15:15:09	34.0	OVRFLW	OVRFLW	OVRFLW	4554	4961	3789	6998	5886	5645	4592	4529	4294	203	209	215
15:18:09	34.0	OVRFLW	OVRFLW	OVRFLW	4551	4914	3893	6897	5842	5624	4688	4578	4180	204	202	214
15:21:09	34.0	OVRFLW	OVRFLW	OVRFLW	4544	4896	3826	6998	5894	5765	4851	4601	4262	216	217	233
15:24:09	34.0	OVRFLW	OVRFLW	OVRFLW	4518	4831	3808	7069	5886	5668	4779	4649	4323	210	195	203
15:27:09	34.0	OVRFLW	OVRFLW	OVRFLW	4649	4897	3895	7104	5714	5822	4755	4358	4240	212	209	201
15:30:09	34.0	OVRFLW	OVRFLW	OVRFLW	4644	4786	3795	7125	6104	5803	4775	4437	4277	209	222	232
15:33:09	34.0	OVRFLW	OVRFLW	OVRFLW	4570	4823	3887	7280	5861	5818	4625	4399	4351	218	194	217
15:36:09	34.0	OVRFLW	OVRFLW	OVRFLW	4425	4882	3876	7213	6063	5823	4690	4430	4348	213	200	226
15:39:09	34.0	OVRFLW	OVRFLW	OVRFLW	4620	5124	3882	7146	5951	5972	4784	4495	4508	214	197	204
15:42:09	34.0	OVRFLW	OVRFLW	OVRFLW	4462	5035	3973	7281	6083	5985	4870	4560	4271	211	200	193
15:45:09	34.0	OVRFLW	OVRFLW	OVRFLW	4667	4866	3907	7191	5894	5798	4733	4526	4250	227	202	195
15:48:09	34.0	OVRFLW	OVRFLW	OVRFLW	4494	5042	3866	7087	6050	5869	4757	4567	4273	231	224	226
15:51:09	34.0	OVRFLW	OVRFLW	OVRFLW	4701	4976	3894	7039	6154	5864	4773	4520	4221	220	195	218
15:54:09	34.0	OVRFLW	OVRFLW	OVRFLW	4691	5029	3834	7223	6095	5871	4925	4443	4312	223	211	179
15:57:09	34.0	OVRFLW	OVRFLW	OVRFLW	4613	5096	3859	7177	6104	6107	4803	4547	4327	227	176	192
16:00:09	34.0	OVRFLW	OVRFLW	OVRFLW	4648	5023	3873	7166	6123	5982	4671	4297	4277	215	201	204
16:03:09	34.0	OVRFLW	OVRFLW	OVRFLW	4654	5185	3984	7326	5910	5991	4691	4527	4317	200	206	215
16:06:09	34.0	OVRFLW	OVRFLW	OVRFLW	4590	4962	3916	7356	6051	6002	4818	4522	4321	206	186	211
16:09:09	34.0	OVRFLW	OVRFLW	OVRFLW	4782	5008	3862	7443	6256	6138	4752	4467	4408	237	202	216
16:12:09	34.0	OVRFLW	OVRFLW	OVRFLW	4579	4991	3907	7292	6341	6161	4694	4524	4290	210	195	208
16:15:09	34.0	OVRFLW	OVRFLW	OVRFLW	4627	4924	3875	7150	6305	5952	4845	4372	4267	207	207	196
16:18:09	34.0	OVRFLW	OVRFLW	OVRFLW	4635	4898	3981	7248	6207	6035	4838	4537	4403	198	198	207
16:21:09	34.0	OVRFLW	OVRFLW	OVRFLW	4720	5024	3885	7474	6340	6039	4785	4488	4294	199	208	203
16:24:09	34.0	OVRFLW	OVRFLW	OVRFLW	4678	4907	3896	7315	6213	6074	4818	4668	4311	212	228	223
16:27:09	34.0	OVRFLW	OVRFLW	OVRFLW	4572	4928	3959	7374	6412	6228	4546	4399	4279	216	213	212
16:30:09	34.0	OVRFLW	OVRFLW	OVRFLW	4639	5127	3968	7198	6325	6098	4720	4495	4310	203	212	220
16:33:09	34.0	OVRFLW	OVRFLW	OVRFLW	4688	5026	3872	7305	6202	6074	4680	4546	4257	216	207	212
16:36:09	34.0	OVRFLW	OVRFLW	OVRFLW	4672	4973	3837	7329	6312	6138	4643	4377	4269	210	198	216
16:39:09	34.0	OVRFLW	OVRFLW	OVRFLW	4504	4944	3904	7427	6310	6072	4781	4481	4251	220	175	226
16:42:09	34.0	OVRFLW	OVRFLW	OVRFLW	4592	4904	3865	7447	6326	5988	4744	4547	4313	202	208	241
16:45:09	34.0	OVRFLW	OVRFLW	OVRFLW	4704	4940	3881	7424	6361	6157	4724	4448	4287	226	186	215
16:48:09	34.0	OVRFLW	OVRFLW	OVRFLW	4625	5033	3909	7513	6443	6137	4666	4551	4208	246	208	215
16:51:09	34.0	OVRFLW	OVRFLW	OVRFLW	4642	5086	3913	7607	6347	6178	4852	4510	4371	203	198	187
16:54:09	34.0	OVRFLW	OVRFLW	OVRFLW	4551	4994	3934	7439	6543	6244	4605	4405	3994	224	187	235
16:57:09	34.0	OVRFLW	OVRFLW	OVRFLW	4555	4965	3864	7516	6491	6377	4751	4395	4206	213	223	233
17:00:09	34.0	OVRFLW	OVRFLW	OVRFLW	4543	4922	3889	7351	6391	6034	4656	4375	4343	221	207	225
17:03:09	34.0	OVRFLW	OVRFLW	OVRFLW	4659	4913	4041	7483	6533	6256	4895	4481	4305	220	183	208
17:06:09	34.0	OVRFLW	OVRFLW	OVRFLW	4638	5046	3769	7340	6698	6316	4931	4447	4264	224	214	202
17:09:09	34.0	OVRFLW	OVRFLW	OVRFLW	4674	5016	3907	7671	6508	6250	4669	4504	4280	207	214	184
17:12:09	34.0	OVRFLW	OVRFLW	OVRFLW	4620	5062	3937	7748	6642	6465	4857	4458	4071	209	205	228
17:15:09	34.0	OVRFLW	OVRFLW	OVRFLW	4744	4999	3979	7403	6465	6436	4901	4557	4291	208	189	215
17:18:09	34.0	OVRFLW	OVRFLW	OVRFLW	4662	4944	3924	7541	6459	6436	4770	4497	4179	219	202	186
17:21:09	34.0	OVRFLW	OVRFLW	OVRFLW	4662	4881	3961	7561	6603	6408	4753	4417	4321	221	221	222
17:24:09	34.0	OVRFLW	OVRFLW	OVRFLW	4524	5078	4064	7577	6790	6472	4762	4537	4332	202	221	203
17:27:09	34.0	OVRFLW	OVRFLW	OVRFLW	4809	4961	3820	7713	6555	6599	4733	4558	4395	211	197	185
17:30:09	34.0	OVRFLW	OVRFLW	OVRFLW	4828	5134	3917	7709	6762	6466	4909	4528	4292	207	205	212
17:33:09	34.0	OVRFLW	OVRFLW	OVRFLW	4754	4921	3938	7550	6671	6528	4632	4535	4290	209	212	198
17:36:09	34.0	OVRFLW	OVRFLW	OVRFLW	4664	5028	4050	7630	6653	6538	4844	4490	4369	226	180	227
17:39:09	34.0	OVRFLW	OVRFLW	OVRFLW	4645	4937	3780	7629	6669	6638	4865	4423	4317	259	217	201
17:42:09	34.0	OVRFLW	OVRFLW	OVRFLW	4702	5007	3943	7665	6811	6467	4725	4480	4368	213	214	212
17:45:09	34.0	OVRFLW	OVRFLW	OVRFLW	4604	5136	3994	7642	6747	6597	4752	4365	4330	211	198	231
17:48:09	34.0	OVRFLW	OVRFLW	OVRFLW	4642	5058	3884	7774	6861	6647	4862	4557	4362	223	207	221
17:51:09	34.0	OVRFLW	OVRFLW	OVRFLW	4801	5177	3992	7800	6667	6769	4724	4496	4372	199	212	199
17:54:09	34.0	OVRFLW	OVRFLW	OVRFLW	4622	5052	3960	7504	6757	6699	4808	4661	4271	226	189	193
17:57:09	34.0	OVRFLW	OVRFLW	OVRFLW	4746	4934	3847	7519	6892	6781	4854	4429	4310	213	204	203
18:00:09	34.0	OVRFLW	OVRFLW	OVRFLW	4644	5075	4045	7677	6825	6612	4868	4414	4360	219	213	194
18:03:09	34.0	OVRFLW	OVRFLW	OVRFLW	4693	5045	3960	7729	6867	6771	4946	4358	4231	200	204	200
18:06:09	34.0	OVRFLW	OVRFLW	OVRFLW	4559	5210	4068	7969	7010	6828	4650	4454	4359	240	213	206
18:09:09	34.0	OVRFLW	OVRFLW	OVRFLW	4791	5099	3957	7783	7086	6867	4715	4400	4425	217	212	217
18:12:09	34.0	OVRFLW	OVRFLW	OVRFLW	4675	5182	3994	7771	6952	6624	4750	4483	4211	227	203	215
18:15:09	34.0	OVRFLW	OVRFLW	OVRFLW	4844	5120	3961	7792	6950	6804	4630	4478	4438	219	179	197
18:18:09	34.0	OVRFLW	OVRFLW	OVRFLW	4746	4963	3923	7770	6948	6862	4786	4591	4367	228	192	182
18:21:09	34.0	OVRFLW	OVRFLW	OVRFLW	4737	5167	3907	7917	6998	6903	4776	4543	4352	212	167	199
18:24:09	34.0	OVRFLW	OVRFLW	OVRFLW	4703	5112	3965	7972	7064	7027	4701	4534	4299	210	222	189
18:27:09	34.0	OVRFLW	OVRFLW	OVRFLW	4799	5021	3855	7790	7184	7000	4791	4571	4306	217	207	210
18:30:09	34.0	OVRFLW	OVRFLW	OVRFLW	4662	5057	3931	7876	7080	6930	4899	4453	4291	206	223	189
18:33:09	34.0	OVRFLW	OVRFLW	OVRFLW	4821	4980	3906	7768	7278	6949	4754	4385	4392	202	208	201
18:36:09	34.0	OVRFLW	OVRFLW	OVRFLW	4799	5191	3916	7680	7182	6806	4795	4529	4309	204	185	210
18:39:09	34.0	OVRFLW	OVRFLW	OVRFLW	4592	5055	4092	7599	6988	6968	4793	4432	4457	213	210	218
18:42:09	34.0	OVRFLW	OVRFLW	OVRFLW	4593	5329	3941	7983	7047	7108	4618	4618	4394	223	190	236
18:45:09	34.0	OVRFLW	OVRFLW	OVRFLW	4627	5059	4109	7872	6932	7099	4576	4510	4386	224	226	216
18:48:09	34.0	OVRFLW	OVRFLW	OVRFLW	4821	5029	3946	8074	7248	7199	4809	4311	4360	227	217	205
18:51:09	34.0	OVRFLW	OVRFLW	OVRFLW	4788	5078	4022	7967	7339	7387	4900	4600	4310	228	220	189
18:54:09	34.0	OVRFLW	OVRFLW	OVRFLW	4649	5130	3979	7948	7269	7122	4790	4592	4308	233	201	226
18:57:09	34.0	OVRFLW	OVRFLW	OVRFLW	4680	5243	4019	7853	7264	7140	4829	4522	4411	189	252	190
19:00:09	34.0	OVRFLW	OVRFLW	OVRFLW	4702	5205	3969	8066	7208	7281	4645	4519	4313	228	228	209
19:03:09	34.0	OVRFLW	OVRFLW	OVRFLW	4793	5045	4025	7991	7370	7303	4731	4360	4363	229	205	210
19:06:09	34.0	OVRFLW	OVRFLW	OVRFLW	4851	4997	3973	8001	7235	7388	4860	4347	4441	203	209	210
19:09:09	34.0	OVRFLW	OVRFLW	OVRFLW	4791	5084	4001	7877	7176	7452	4790	4308	4400	231	204	211
19:12:09	34.0	OVRFLW	OVRFLW	OVRFLW	4667	5129	3934	8004	7331	7286	4760	4480	4284	208	218	208
19:15:09	34.0	OVRFLW	OVRFLW	OVRFLW	4652	5046	4117	8157	7272	7410	4859	4548	4289	217	197	186
19:18:09	34.0	OVRFLW	OVRFLW	OVRFLW	4654	5153	3922	7979	7331	7319	4790	4509	4445	210	202	213
19:21:09	34.0	OVRFLW	OVRFLW	OVRFLW	4809	5074	4025	7933	7090	7650	4872	4612	4419	205	219	181
19:24:09	34.0	OVRFLW	OVRFLW	OVRFLW	4718	5089	3916	7959	7232	7138	4893	4551	4189	223	216	217
19:27:09	34.0	OVRFLW	OVRFLW	OVRFLW	4817	5054	4050	8034	7364	7497	4836	4539	4257	223	197	197
19:30:09	34.0	OVRFLW	OVRFLW	OVRFLW	4540	5124	4034	8090	7308	7330	4756	4624	4380	224	211	165
19:33:09	34.0	OVRFLW	OVRFLW	OVRFLW	4649	5005	3987	8059	7572	7527	4804	4540	4254	209	215	203
19:36:09	34.0	OVRFLW	OVRFLW	OVRFLW	4687	5144	4007	8126	7188	7756	4770	4427	4374	236	200	216
19:39:09	34.0	OVRFLW	OVRFLW	OVRFLW	4721	5140	3955	8233	7359	7502	4652	4599	4495	217	189	201
19:42:09	34.0	OVRFLW	OVRFLW	OVRFLW	4617	5265	4010	7962	7596	7895	4666	4523	4190	229	200	205
19:45:09	34.0	OVRFLW	OVRFLW	OVRFLW	4654	5287	3990	8215	7292	7595	4726	4474	4332	204	209	209
19:48:09	34.0	OVRFLW	OVRFLW	OVRFLW	4717	5195	3985	8238	7381	7544	4754	4371	4390	206	211	201
19:51:09	34.0	OVRFLW	OVRFLW	OVRFLW	4673	5223	4015	8397	7572	7623	4750	4494	4294	236	208	210
19:54:09	34.0	OVRFLW	OVRFLW	OVRFLW	4668	5254	3881	8068	7439	7874	4630	4646	4309	240	188	203
19:57:09	34.0	OVRFLW	OVRFLW	OVRFLW	4700	5188	3937	7968	7385	7788	4657	4530	4344	204	200	205
20:00:09	34.0	OVRFLW	OVRFLW	OVRFLW	4667	5109	3966	8016	7491	7978	4881	4378	4492	230	187	201
20:03:09	34.1	OVRFLW	OVRFLW	OVRFLW	4785	5028	3986	8092	7499	7990	4738	4403	4486	232	216	206
20:06:09	34.0	OVRFLW	OVRFLW	OVRFLW	4856	5167	4039	8054	7529	7886	4820	4488	4240	227	205	204
0:00:00																
0:00:00																
0:00:00																
0:00:00																
0:00:00																
0:00:00																
0:00:00																
0:00:00																
0:00:00																
0:00:00																
0:00:00																
0:00:00																
0:00:00																
0:00:00																
0:00:00																
0:00:00																
0:00:00																
0:00:00																
0:00:00																
0:00:00																
0:00:00																
0:00:00																
0:00:00																
0:00:00																
0:00:00																
0:00:00																
0:00:00																
0:00:00																
0:00:00																
0:00:00																
0:00:00																
0:00:00																
0:00:00																
0:00:00																
0:00:00																
0:00:00																
0:00:00																
0:00:00																
0:00:00																
0:00:00																
0:00:00																
0:00:00																
0:00:00																
0:00:00																
0:00:00																
0:00:00																
0:00:00																
0:00:00																
0:00:00																
0:00:00																
0:00:00																
0:00:00																
0:00:00																
0:00:00																
0:00:00																
0:00:00																
0:00:00																
0:00:00																
0:00:00																
0:00:00																
0:00:00																
0:00:00																
0:00:00																
0:00:00																
0:00:00																
0:00:00																
0:00:00																
0:00:00																
0:00:00																
0:00:00																
0:00:00																
0:00:00																
0:00:00																
0:00:00																
0:00:00																
0:00:00																
0:00:00																
0:00:00																

Results
	1	2	3	4	5	6	7	8	9	10	11	12	13	14	15	16	17	18	19	20	21	22	23	24
A																									Max V [gfp:485,515]
																									R-Squared [gfp:485,515]
																									t at Max V [gfp:485,515]
																									Lagtime [gfp:485,515]
																									Max V [gfp:485,515[2]]
																									R-Squared [gfp:485,515[2]]
																									t at Max V [gfp:485,515[2]]
																									Lagtime [gfp:485,515[2]]
B												63333.333	62000.000	58666.667											Max V [gfp:485,515]
												1.000	1.000	1.000											R-Squared [gfp:485,515]
												5:43:30	19:43:30	17:52:30											t at Max V [gfp:485,515]
												4:47:42	18:40:36	16:48:28											Lagtime [gfp:485,515]
												1477000.000	1199000.000	1062333.333											Max V [gfp:485,515[2]]
												1.000	1.000	1.000											R-Squared [gfp:485,515[2]]
												1:55:39	3:16:39	2:52:39											t at Max V [gfp:485,515[2]]
												1:08:14	2:03:28	1:31:58											Lagtime [gfp:485,515[2]]
C												-7000.000	-7000.000	6333.333											Max V [gfp:485,515]
												1.000	1.000	1.000											R-Squared [gfp:485,515]
												10:25:30	2:49:30	13:37:30											t at Max V [gfp:485,515]
												10:27:09	2:49:51	13:36:09											Lagtime [gfp:485,515]
												-99333.333	-96000.000	-97333.333											Max V [gfp:485,515[2]]
												1.000	1.000	1.000											R-Squared [gfp:485,515[2]]
												12:34:39	14:40:39	0:04:39											t at Max V [gfp:485,515[2]]
												12:41:18	14:48:21	0:02:49											Lagtime [gfp:485,515[2]]
D												-10000.000	9333.333	-6333.333											Max V [gfp:485,515]
												1.000	1.000	1.000											R-Squared [gfp:485,515]
												6:43:30	16:16:30	0:16:30											t at Max V [gfp:485,515]
												6:51:12	16:02:15	0:14:13											Lagtime [gfp:485,515]
												159000.000	130000.000	-170666.667											Max V [gfp:485,515[2]]
												1.000	1.000	1.000											R-Squared [gfp:485,515[2]]
												13:19:39	15:28:39	19:22:39											t at Max V [gfp:485,515[2]]
												12:43:40	14:48:55	19:57:53											Lagtime [gfp:485,515[2]]
E												-7666.667	8333.333	8000.000											Max V [gfp:485,515]
												1.000	1.000	1.000											R-Squared [gfp:485,515]
												18:34:30	1:31:30	1:10:30											t at Max V [gfp:485,515]
												18:36:31	1:32:38	1:09:38											Lagtime [gfp:485,515]
												-112666.667	-123333.333	-125666.667											Max V [gfp:485,515[2]]
												1.000	1.000	1.000											R-Squared [gfp:485,515[2]]
												9:31:39	0:01:39	16:52:39											t at Max V [gfp:485,515[2]]
												9:34:36	0:00:09	16:55:15											Lagtime [gfp:485,515[2]]
F												-8000.000	-5333.333	7000.000											Max V [gfp:485,515]
												1.000	1.000	1.000											R-Squared [gfp:485,515]
												3:37:30	4:19:30	4:43:30											t at Max V [gfp:485,515]
												3:38:08	4:21:56	4:42:43											Lagtime [gfp:485,515]
												-19000.000	-20666.667	21000.000											Max V [gfp:485,515[2]]
												1.000	1.000	1.000											R-Squared [gfp:485,515[2]]
												12:34:39	10:34:39	10:22:39											t at Max V [gfp:485,515[2]]
												12:33:06	10:32:54	10:23:06											Lagtime [gfp:485,515[2]]
G																									Max V [gfp:485,515]
																									R-Squared [gfp:485,515]
																									t at Max V [gfp:485,515]
																									Lagtime [gfp:485,515]
																									Max V [gfp:485,515[2]]
																									R-Squared [gfp:485,515[2]]
																									t at Max V [gfp:485,515[2]]
																									Lagtime [gfp:485,515[2]]
H																									Max V [gfp:485,515]
																									R-Squared [gfp:485,515]
																									t at Max V [gfp:485,515]
																									Lagtime [gfp:485,515]
																									Max V [gfp:485,515[2]]
																									R-Squared [gfp:485,515[2]]
																									t at Max V [gfp:485,515[2]]
																									Lagtime [gfp:485,515[2]]
I																									Max V [gfp:485,515]
																									R-Squared [gfp:485,515]
																									t at Max V [gfp:485,515]
																									Lagtime [gfp:485,515]
																									Max V [gfp:485,515[2]]
																									R-Squared [gfp:485,515[2]]
																									t at Max V [gfp:485,515[2]]
																									Lagtime [gfp:485,515[2]]
J																									Max V [gfp:485,515]
																									R-Squared [gfp:485,515]
																									t at Max V [gfp:485,515]
																									Lagtime [gfp:485,515]
																									Max V [gfp:485,515[2]]
																									R-Squared [gfp:485,515[2]]
																									t at Max V [gfp:485,515[2]]
																									Lagtime [gfp:485,515[2]]
K																									Max V [gfp:485,515]
																									R-Squared [gfp:485,515]
																									t at Max V [gfp:485,515]
																									Lagtime [gfp:485,515]
																									Max V [gfp:485,515[2]]
																									R-Squared [gfp:485,515[2]]
																									t at Max V [gfp:485,515[2]]
																									Lagtime [gfp:485,515[2]]
L																									Max V [gfp:485,515]
																									R-Squared [gfp:485,515]
																									t at Max V [gfp:485,515]
																									Lagtime [gfp:485,515]
																									Max V [gfp:485,515[2]]
																									R-Squared [gfp:485,515[2]]
																									t at Max V [gfp:485,515[2]]
																									Lagtime [gfp:485,515[2]]
M																									Max V [gfp:485,515]
																									R-Squared [gfp:485,515]
																									t at Max V [gfp:485,515]
																									Lagtime [gfp:485,515]
																									Max V [gfp:485,515[2]]
																									R-Squared [gfp:485,515[2]]
																									t at Max V [gfp:485,515[2]]
																									Lagtime [gfp:485,515[2]]
N																									Max V [gfp:485,515]
																									R-Squared [gfp:485,515]
																									t at Max V [gfp:485,515]
																									Lagtime [gfp:485,515]
																									Max V [gfp:485,515[2]]
																									R-Squared [gfp:485,515[2]]
																									t at Max V [gfp:485,515[2]]
																									Lagtime [gfp:485,515[2]]
O																									Max V [gfp:485,515]
																									R-Squared [gfp:485,515]
																									t at Max V [gfp:485,515]
																									Lagtime [gfp:485,515]
																									Max V [gfp:485,515[2]]
																									R-Squared [gfp:485,515[2]]
																									t at Max V [gfp:485,515[2]]
																									Lagtime [gfp:485,515[2]]
P																									Max V [gfp:485,515]
																									R-Squared [gfp:485,515]
																									t at Max V [gfp:485,515]
																									Lagtime [gfp:485,515]
																									Max V [gfp:485,515[2]]
																									R-Squared [gfp:485,515[2]]
																									t at Max V [gfp:485,515[2]]
																									Lagtime [gfp:485,515[2]]

