

Software Version	3.04.17



Experiment File Path:	C:\Users\Biotek2\Box\biocircuits\Ankita\20201121_exp18_gfp.xpt
Protocol File Path:	C:\Users\Biotek2\Box\biocircuits\Ankita\gfp_24hr_protocol.prt



Plate Number	Plate 1
Date	11/21/2020
Time	3:19:24 PM
Reader Type:	Synergy H1
Reader Serial Number:	271275
Reading Type	Reader

Procedure Details

Plate Type	384 WELL PLATE
Well Selection	Runtime
Eject plate on completion	
Set Temperature	Setpoint 34°C
	Preheat before moving to next step
Start Kinetic	Runtime 24:00:00 (HH:MM:SS), Interval 0:03:00, 481 Reads
    Read	gfp
	Fluorescence Endpoint
	Full Plate
	Filter Set 1
	    Excitation: 485,  Emission: 515
	    Optics: Bottom,  Gain: 61
	Filter Set 2
	    Excitation: 485,  Emission: 515
	    Optics: Bottom,  Gain: 100
	Light Source: Xenon Flash,  Lamp Energy: High
	Read Speed: Normal,  Delay: 100 msec,  Measurements/Data Point: 10
	Read Height: 9.5 mm
End Kinetic	

Layout
	1	2	3	4	5	6	7	8	9	10	11	12	13	14	15	16	17	18	19	20	21	22	23	24
A																									Well ID
B																									Well ID
C																									Well ID
D																									Well ID
E	SPL1	SPL2	SPL3	SPL4	SPL5	SPL6	SPL7																		Well ID
F	SPL8	SPL11	SPL14	SPL17	SPL20	SPL23	SPL26	SPL29																	Well ID
G	SPL9	SPL12	SPL15	SPL18	SPL21	SPL24	SPL27	SPL30																	Well ID
H	SPL10	SPL13	SPL16	SPL19	SPL22	SPL25	SPL28	SPL31																	Well ID
I																									Well ID
J																									Well ID
K																									Well ID
L																									Well ID
M																									Well ID
N																									Well ID
O																									Well ID
P																									Well ID

gfp:485,515

Time	T° gfp:485,515	E1	E2	E3	E4	E5	E6	E7	F1	F2	F3	F4	F5	F6	F7	F8	G1	G2	G3	G4	G5	G6	G7	G8	H1	H2	H3	H4	H5	H6	H7	H8
0:00:00	27.1	29	84	43	44	69	71	68	82	44	89	72	66	59	75	80	76	76	53	56	62	44	35	68	29	33	63	52	60	57	59	62
0:03:00	30.6	29	70	39	37	66	71	62	73	33	78	75	56	74	59	77	65	60	54	43	53	47	47	59	35	29	56	55	63	57	54	53
0:06:00	33.4	36	66	36	31	55	57	51	71	24	79	66	60	56	56	72	60	51	45	42	49	49	45	56	45	32	47	50	53	55	61	56
0:09:00	34.0	41	67	29	31	51	54	54	72	22	74	56	57	49	51	72	59	55	37	41	45	63	56	51	37	38	50	46	42	48	54	51
0:12:00	34.0	72	60	27	31	56	52	49	72	36	65	54	54	55	54	73	53	64	35	29	44	74	76	54	40	39	53	56	48	49	48	48
0:15:00	34.0	96	54	33	36	54	59	55	63	42	51	51	56	55	51	85	51	57	31	29	52	80	98	53	50	49	48	52	54	60	49	54
0:18:00	34.0	140	42	25	22	35	49	27	55	61	66	31	51	48	39	52	48	54	24	24	52	108	132	42	64	62	30	50	39	34	45	51
0:21:00	34.0	191	40	24	23	39	43	40	55	81	118	49	33	39	46	61	39	45	36	32	44	151	184	55	74	79	50	43	56	64	64	48
0:24:00	34.0	243	67	14	20	52	52	61	61	114	182	72	40	56	62	82	70	80	23	35	75	178	236	76	97	117	102	72	102	106	70	98
0:27:00	34.0	297	97	29	23	85	86	84	59	149	249	105	68	86	89	126	118	126	22	33	132	235	291	127	118	137	158	123	172	173	108	166
0:30:00	34.0	344	140	23	23	115	122	113	48	181	346	137	101	100	110	154	166	181	21	21	200	280	360	195	151	171	230	172	239	237	176	239
0:33:00	34.0	404	190	36	26	161	154	142	55	211	437	179	127	123	144	228	235	229	29	25	287	339	426	279	187	209	287	239	334	320	269	320
0:36:00	34.0	472	224	26	17	198	203	190	54	258	538	205	168	158	181	290	287	284	26	21	351	401	490	368	211	242	353	296	400	383	353	404
0:39:00	34.0	537	274	25	22	237	238	211	49	301	638	242	210	189	213	341	344	333	24	27	425	463	572	453	242	284	425	364	473	459	438	481
0:42:00	34.0	630	316	31	22	284	271	251	64	330	725	286	244	216	261	406	415	381	30	30	498	507	644	549	279	306	479	437	560	521	528	556
0:45:00	34.0	707	349	23	14	329	324	282	44	398	849	323	286	240	298	467	474	444	26	18	566	578	719	612	313	361	543	504	633	613	608	635
0:48:00	34.0	774	389	17	21	394	382	307	48	435	938	371	332	282	337	526	529	499	31	33	674	624	773	697	361	392	625	555	704	698	716	710
0:51:00	34.0	844	423	25	18	424	433	360	47	489	1006	403	392	315	384	581	604	544	28	28	735	674	846	756	397	439	654	615	787	740	776	802
0:54:00	34.0	932	456	29	19	471	498	390	48	533	1122	455	409	350	421	642	670	615	27	25	799	734	912	831	447	484	725	696	860	808	837	870
0:57:00	34.0	1030	493	26	20	526	540	425	42	592	1224	502	479	382	455	708	736	663	24	24	873	785	969	915	492	539	766	751	913	880	933	954
1:00:00	34.0	1110	529	18	22	559	590	449	38	647	1313	535	519	430	516	756	803	732	23	26	939	839	1033	960	540	572	830	806	998	946	1014	1001
1:03:00	34.0	1164	565	21	23	608	648	494	36	693	1411	582	562	450	550	815	849	762	37	31	1003	898	1117	1043	585	622	891	846	1040	1013	1078	1084
1:06:00	34.0	1271	605	26	29	658	709	525	34	737	1484	620	617	494	610	878	922	811	28	23	1101	967	1180	1078	624	671	920	911	1121	1079	1134	1159
1:09:00	34.0	1338	639	22	35	704	755	565	26	779	1524	674	647	510	632	921	963	870	31	30	1152	996	1241	1185	675	705	998	960	1177	1143	1217	1212
1:12:00	34.0	1407	670	21	23	759	807	583	21	828	1612	721	712	543	673	966	1020	918	28	31	1227	1058	1271	1220	719	764	1040	1011	1251	1174	1271	1278
1:15:00	34.0	1470	705	19	34	780	861	639	17	893	1734	766	750	575	737	1002	1074	979	36	30	1291	1106	1336	1278	782	812	1079	1068	1287	1250	1331	1354
1:18:00	34.0	1571	731	28	23	835	935	659	22	936	1808	804	773	605	738	1046	1158	1030	29	31	1365	1174	1396	1351	819	869	1117	1115	1376	1289	1367	1401
1:21:00	34.0	1625	767	25	20	857	965	680	19	953	1908	860	823	638	789	1077	1198	1073	38	20	1384	1250	1467	1379	881	939	1187	1145	1464	1359	1424	1474
1:24:00	34.0	1703	814	25	19	906	1027	724	21	1016	1977	889	864	694	808	1153	1233	1117	30	31	1437	1254	1524	1461	939	974	1211	1217	1526	1414	1503	1499
1:27:00	34.0	1850	840	28	24	952	1083	750	18	1068	2045	941	895	700	854	1192	1304	1195	34	46	1526	1317	1614	1493	985	1016	1262	1250	1589	1442	1551	1625
1:30:00	34.0	1903	859	29	28	979	1114	794	15	1108	2108	978	935	735	892	1242	1339	1244	42	37	1547	1378	1650	1565	1054	1068	1309	1312	1678	1514	1550	1661
1:33:00	34.0	1992	883	32	28	1011	1172	811	34	1165	2177	1035	974	767	914	1280	1406	1316	48	39	1640	1415	1693	1582	1092	1122	1340	1363	1715	1560	1655	1693
1:36:00	34.0	2032	918	29	30	1064	1222	830	21	1198	2264	1093	1012	803	926	1284	1435	1333	34	41	1711	1500	1734	1602	1156	1169	1389	1396	1754	1640	1676	1751
1:39:00	34.0	2109	943	30	37	1100	1296	875	21	1257	2321	1117	1046	834	986	1347	1487	1402	31	37	1768	1528	1768	1677	1193	1203	1450	1390	1791	1676	1729	1802
1:42:00	34.0	2189	979	27	29	1119	1308	894	25	1285	2389	1170	1073	858	1015	1371	1550	1429	39	48	1830	1567	1857	1720	1265	1233	1468	1462	1924	1743	1782	1858
1:45:00	34.0	2289	1013	32	23	1159	1335	907	17	1346	2451	1214	1086	883	1033	1379	1559	1469	41	42	1859	1621	1860	1753	1294	1261	1535	1494	1919	1762	1840	1940
1:48:00	34.0	2353	1047	29	30	1168	1390	958	25	1385	2521	1233	1115	909	1070	1447	1626	1512	38	38	1912	1667	1945	1765	1358	1367	1584	1560	2013	1851	1841	1980
1:51:00	34.0	2462	1069	31	26	1235	1428	964	23	1447	2585	1269	1161	913	1092	1499	1662	1595	44	36	1979	1714	2007	1818	1405	1404	1608	1556	2099	1866	1916	2004
1:54:00	34.0	2542	1076	31	32	1254	1473	977	23	1461	2689	1296	1176	945	1138	1497	1730	1654	42	48	2078	1724	1990	1877	1444	1458	1637	1625	2132	1916	1924	2115
1:57:00	34.0	2621	1104	25	32	1281	1491	1037	24	1495	2763	1337	1193	977	1173	1496	1782	1667	40	50	2129	1742	2077	1947	1463	1489	1694	1655	2185	1938	1977	2109
2:00:00	34.0	2693	1132	37	30	1304	1567	1021	26	1565	2787	1374	1230	991	1195	1546	1803	1730	53	45	2149	1810	2125	1972	1544	1517	1722	1695	2231	2022	2066	2181
2:03:00	34.0	2702	1149	33	28	1342	1545	1078	20	1592	2853	1443	1270	1021	1198	1589	1833	1769	47	47	2231	1883	2177	2061	1618	1519	1795	1738	2265	2070	2043	2167
2:06:00	34.0	2886	1184	31	30	1335	1671	1089	14	1650	2904	1477	1319	1044	1249	1581	1889	1834	42	46	2243	1909	2232	2037	1648	1600	1807	1753	2306	2102	2118	2215
2:09:00	34.0	2945	1208	32	39	1402	1677	1128	20	1686	2946	1522	1323	1075	1256	1656	1911	1893	51	47	2331	1949	2229	2074	1703	1631	1855	1778	2409	2143	2175	2285
2:12:00	34.0	3008	1215	29	31	1429	1681	1159	25	1760	2986	1562	1355	1099	1295	1696	1963	1916	47	46	2403	1969	2291	2143	1757	1679	1841	1822	2446	2223	2203	2298
2:15:00	34.0	3107	1267	32	38	1459	1738	1165	23	1775	3074	1583	1399	1129	1325	1699	2015	1918	43	54	2429	2033	2318	2183	1749	1728	1933	1877	2485	2325	2249	2351
2:18:00	34.0	3227	1272	37	39	1485	1747	1164	24	1812	3070	1587	1417	1126	1354	1755	2007	2027	39	50	2463	2006	2363	2201	1837	1731	1937	1894	2581	2326	2323	2410
2:21:00	34.0	3250	1279	40	33	1524	1860	1207	31	1844	3153	1608	1428	1168	1360	1775	2076	2078	46	55	2541	2065	2404	2210	1871	1807	1980	1961	2632	2364	2349	2448
2:24:00	34.0	3380	1298	39	30	1535	1878	1253	24	1865	3169	1690	1475	1170	1402	1780	2138	2110	51	46	2577	2140	2480	2275	1882	1839	2024	1976	2567	2365	2399	2475
2:27:00	34.0	3455	1358	41	35	1534	1906	1263	20	1939	3232	1718	1488	1196	1450	1813	2140	2188	58	48	2640	2132	2502	2298	1926	1832	2066	2015	2725	2440	2391	2534
2:30:00	34.0	3503	1379	39	35	1596	1960	1306	23	1943	3273	1751	1518	1227	1456	1861	2162	2267	44	47	2628	2188	2538	2341	1963	1882	2083	2018	2730	2429	2473	2556
2:33:00	34.0	3617	1398	40	43	1630	1985	1320	24	2007	3285	1766	1553	1231	1487	1901	2243	2260	53	52	2790	2198	2571	2354	2005	1908	2101	2088	2817	2553	2529	2559
2:36:00	34.0	3760	1423	30	37	1644	1994	1332	24	2027	3381	1803	1579	1289	1525	1897	2258	2325	57	54	2733	2217	2613	2401	2040	1939	2169	2096	2810	2571	2515	2692
2:39:00	34.0	3775	1462	51	43	1695	2045	1369	25	2083	3371	1835	1617	1264	1523	1947	2358	2341	47	54	2786	2292	2594	2424	2080	1962	2161	2095	2889	2578	2568	2663
2:42:00	34.0	3847	1432	37	37	1679	2082	1373	23	2122	3432	1889	1639	1287	1563	1978	2327	2389	59	47	2823	2302	2633	2425	2105	2007	2210	2184	2918	2635	2614	2729
2:45:00	34.0	3893	1478	41	36	1706	2112	1378	28	2122	3437	1928	1651	1341	1580	1985	2393	2439	60	51	2925	2331	2683	2503	2139	1988	2191	2160	2953	2693	2607	2713
2:48:00	34.0	3942	1496	43	32	1737	2173	1429	23	2132	3458	1928	1700	1347	1614	1983	2415	2457	50	52	2900	2339	2712	2546	2191	2073	2227	2191	2968	2725	2669	2754
2:51:00	34.0	4103	1511	42	42	1749	2189	1434	25	2220	3521	1945	1726	1387	1642	1952	2411	2581	53	58	2932	2350	2730	2549	2235	2098	2255	2221	2975	2816	2715	2793
2:54:00	34.0	4051	1534	42	44	1781	2202	1454	25	2179	3564	2002	1732	1361	1648	2001	2475	2590	52	59	2957	2364	2736	2607	2220	2113	2314	2236	3107	2819	2764	2876
2:57:00	34.0	4272	1617	40	33	1835	2244	1491	21	2250	3543	2022	1772	1399	1670	2056	2535	2615	53	52	2981	2408	2774	2639	2305	2138	2325	2258	3123	2829	2754	2878
3:00:00	34.0	4333	1556	42	29	1824	2264	1511	25	2284	3583	2079	1773	1440	1728	2058	2552	2708	54	44	3023	2444	2790	2624	2325	2126	2319	2274	3109	2893	2810	2860
3:03:00	34.0	4353	1586	43	27	1828	2259	1543	25	2326	3626	2127	1836	1426	1753	2128	2573	2755	46	53	3088	2475	2862	2690	2303	2211	2345	2320	3186	2876	2863	2946
3:06:00	34.0	4489	1599	47	44	1868	2336	1583	20	2315	3656	2146	1825	1466	1751	2116	2636	2761	56	50	3148	2519	2877	2736	2356	2230	2353	2319	3218	2969	2902	2982
3:09:00	34.0	4576	1619	43	36	1911	2362	1596	18	2388	3668	2154	1860	1499	1781	2140	2717	2763	48	54	3152	2534	2879	2776	2360	2263	2358	2365	3302	2952	2883	2932
3:12:00	34.0	4701	1632	43	34	1905	2380	1561	13	2363	3752	2192	1890	1504	1781	2158	2692	2751	55	52	3194	2548	2961	2787	2427	2275	2384	2382	3333	3030	2934	3025
3:15:00	34.0	4646	1660	52	43	1944	2400	1612	25	2410	3724	2249	1943	1535	1870	2213	2715	2853	59	63	3163	2551	2933	2814	2455	2286	2381	2346	3320	3013	2965	3045
3:18:00	34.0	4633	1718	45	37	1971	2419	1631	24	2480	3704	2239	1962	1551	1846	2197	2784	2957	55	57	3246	2576	2924	2870	2457	2339	2425	2422	3359	3071	3038	3022
3:21:00	34.0	4901	1721	41	37	1994	2508	1657	27	2437	3768	2276	1990	1537	1858	2218	2840	2960	55	61	3344	2599	2981	2866	2473	2331	2471	2413	3402	3120	3105	3045
3:24:00	34.0	4961	1716	39	36	2017	2516	1667	23	2472	3924	2291	1980	1585	1861	2220	2806	2989	57	55	3310	2609	2980	2895	2538	2318	2460	2454	3387	3159	3100	3099
3:27:00	34.0	4979	1712	40	46	2014	2527	1691	28	2544	3857	2315	2029	1583	1914	2232	2857	3011	57	62	3321	2653	3043	2910	2508	2322	2409	2461	3426	3131	3128	3126
3:30:00	34.0	4888	1767	50	42	2071	2496	1726	20	2529	3832	2341	2022	1632	1929	2239	2845	3001	56	54	3377	2629	3028	2953	2558	2370	2491	2502	3524	3236	3129	3229
3:33:00	34.0	5076	1792	41	60	2064	2599	1740	27	2618	3856	2380	2064	1619	1947	2303	2907	3070	58	60	3344	2638	3105	2949	2575	2348	2518	2461	3476	3182	3180	3193
3:36:00	34.0	5229	1786	41	43	2098	2562	1767	28	2576	3903	2392	2108	1647	1939	2336	2974	3116	57	54	3399	2671	3037	2940	2619	2457	2509	2520	3549	3201	3230	3237
3:39:00	34.0	5173	1843	47	48	2107	2654	1754	23	2601	3953	2469	2097	1672	1963	2381	2991	3096	60	56	3408	2688	3140	3036	2631	2420	2507	2512	3573	3302	3205	3240
3:42:00	34.0	5234	1849	49	42	2099	2673	1823	22	2622	3898	2482	2183	1673	2029	2379	3063	3182	57	54	3441	2669	3073	3062	2626	2399	2555	2581	3602	3285	3278	3315
3:45:00	34.0	5272	1839	49	48	2105	2678	1811	25	2690	3999	2519	2197	1685	2040	2395	3089	3178	64	57	3474	2713	3092	3019	2646	2423	2558	2543	3633	3290	3285	3265
3:48:00	34.0	5275	1875	53	48	2158	2686	1850	22	2672	3981	2504	2211	1693	2033	2383	3059	3188	60	65	3493	2722	3124	3016	2667	2435	2569	2597	3675	3343	3380	3290
3:51:00	34.0	5409	1915	59	42	2144	2713	1883	25	2726	4082	2557	2206	1763	2061	2395	3128	3252	56	66	3592	2764	3194	3054	2725	2527	2567	2652	3682	3359	3421	3426
3:54:00	34.0	5457	1926	56	42	2159	2757	1882	23	2745	4027	2563	2251	1769	2095	2433	3106	3315	59	67	3501	2749	3162	3132	2723	2508	2644	2580	3721	3419	3369	3404
3:57:00	34.0	5562	1900	41	46	2153	2744	1866	22	2724	4064	2573	2258	1809	2096	2414	3176	3339	65	64	3581	2774	3181	3204	2729	2527	2573	2622	3790	3426	3389	3429
4:00:00	34.0	5618	1923	44	52	2227	2792	1921	26	2766	4098	2609	2247	1776	2123	2447	3161	3313	61	60	3638	2731	3172	3175	2795	2522	2606	2602	3739	3374	3435	3408
4:03:00	34.0	5579	1916	51	44	2246	2785	1934	31	2739	4077	2608	2304	1789	2125	2473	3184	3391	62	67	3626	2785	3260	3215	2820	2557	2620	2632	3786	3418	3501	3500
4:06:00	34.0	5738	1993	48	47	2250	2800	1964	29	2844	4165	2707	2288	1828	2209	2538	3221	3375	66	68	3613	2820	3255	3140	2843	2563	2666	2636	3815	3390	3518	3531
4:09:00	34.0	5820	1992	54	51	2206	2797	2009	26	2837	4102	2704	2368	1859	2186	2534	3262	3313	55	67	3689	2762	3233	3250	2847	2603	2704	2660	3797	3444	3560	3551
4:12:00	34.0	5858	2005	47	43	2280	2881	2016	30	2803	4178	2701	2392	1854	2231	2578	3348	3435	61	64	3666	2812	3298	3222	2891	2630	2677	2705	3781	3549	3620	3550
0:00:00																																
0:00:00																																
0:00:00																																
0:00:00																																
0:00:00																																
0:00:00																																
0:00:00																																
0:00:00																																
0:00:00																																
0:00:00																																
0:00:00																																
0:00:00																																
0:00:00																																
0:00:00																																
0:00:00																																
0:00:00																																
0:00:00																																
0:00:00																																
0:00:00																																
0:00:00																																
0:00:00																																
0:00:00																																
0:00:00																																
0:00:00																																
0:00:00																																
0:00:00																																
0:00:00																																
0:00:00																																
0:00:00																																
0:00:00																																
0:00:00																																
0:00:00																																
0:00:00																																
0:00:00																																
0:00:00																																
0:00:00																																
0:00:00																																
0:00:00																																
0:00:00																																
0:00:00																																
0:00:00																																
0:00:00																																
0:00:00																																
0:00:00																																
0:00:00																																
0:00:00																																
0:00:00																																
0:00:00																																
0:00:00																																
0:00:00																																
0:00:00																																
0:00:00																																
0:00:00																																
0:00:00																																
0:00:00																																
0:00:00																																
0:00:00																																
0:00:00																																
0:00:00																																
0:00:00																																
0:00:00																																
0:00:00																																
0:00:00																																
0:00:00																																
0:00:00																																
0:00:00																																
0:00:00																																
0:00:00																																
0:00:00																																
0:00:00																																
0:00:00																																
0:00:00																																
0:00:00																																
0:00:00																																
0:00:00																																
0:00:00																																
0:00:00																																
0:00:00																																
0:00:00																																
0:00:00																																
0:00:00																																
0:00:00																																
0:00:00																																
0:00:00																																
0:00:00																																
0:00:00																																
0:00:00																																
0:00:00																																
0:00:00																																
0:00:00																																
0:00:00																																
0:00:00																																
0:00:00																																
0:00:00																																
0:00:00																																
0:00:00																																
0:00:00																																
0:00:00																																
0:00:00																																
0:00:00																																
0:00:00																																
0:00:00																																
0:00:00																																
0:00:00																																
0:00:00																																
0:00:00																																
0:00:00																																
0:00:00																																
0:00:00																																
0:00:00																																
0:00:00																																
0:00:00																																
0:00:00																																
0:00:00																																
0:00:00																																
0:00:00																																
0:00:00																																
0:00:00																																
0:00:00																																
0:00:00																																
0:00:00																																
0:00:00																																
0:00:00																																
0:00:00																																
0:00:00																																
0:00:00																																
0:00:00																																
0:00:00																																
0:00:00																																
0:00:00																																
0:00:00																																
0:00:00																																
0:00:00																																
0:00:00																																
0:00:00																																
0:00:00																																
0:00:00																																
0:00:00																																
0:00:00																																
0:00:00																																
0:00:00																																
0:00:00																																
0:00:00																																
0:00:00																																
0:00:00																																
0:00:00																																
0:00:00																																
0:00:00																																
0:00:00																																
0:00:00																																
0:00:00																																
0:00:00																																
0:00:00																																
0:00:00																																
0:00:00																																
0:00:00																																
0:00:00																																
0:00:00																																
0:00:00																																
0:00:00																																
0:00:00																																
0:00:00																																
0:00:00																																
0:00:00																																
0:00:00																																
0:00:00																																
0:00:00																																
0:00:00																																
0:00:00																																
0:00:00																																
0:00:00																																
0:00:00																																
0:00:00																																
0:00:00																																
0:00:00																																
0:00:00																																
0:00:00																																
0:00:00																																
0:00:00																																
0:00:00																																
0:00:00																																
0:00:00																																
0:00:00																																
0:00:00																																
0:00:00																																
0:00:00																																
0:00:00																																
0:00:00																																
0:00:00																																
0:00:00																																
0:00:00																																
0:00:00																																
0:00:00																																
0:00:00																																
0:00:00																																
0:00:00																																
0:00:00																																
0:00:00																																
0:00:00																																
0:00:00																																
0:00:00																																
0:00:00																																
0:00:00																																
0:00:00																																
0:00:00																																
0:00:00																																
0:00:00																																
0:00:00																																
0:00:00																																
0:00:00																																
0:00:00																																
0:00:00																																
0:00:00																																
0:00:00																																
0:00:00																																
0:00:00																																
0:00:00																																
0:00:00																																
0:00:00																																
0:00:00																																
0:00:00																																
0:00:00																																
0:00:00																																
0:00:00																																
0:00:00																																
0:00:00																																
0:00:00																																
0:00:00																																
0:00:00																																
0:00:00																																
0:00:00																																
0:00:00																																
0:00:00																																
0:00:00																																
0:00:00																																
0:00:00																																
0:00:00																																
0:00:00																																
0:00:00																																
0:00:00																																
0:00:00																																
0:00:00																																
0:00:00																																
0:00:00																																
0:00:00																																
0:00:00																																
0:00:00																																
0:00:00																																
0:00:00																																
0:00:00																																
0:00:00																																
0:00:00																																
0:00:00																																
0:00:00																																
0:00:00																																
0:00:00																																
0:00:00																																
0:00:00																																
0:00:00																																
0:00:00																																
0:00:00																																
0:00:00																																
0:00:00																																
0:00:00																																
0:00:00																																
0:00:00																																
0:00:00																																
0:00:00																																
0:00:00																																
0:00:00																																
0:00:00																																
0:00:00																																
0:00:00																																
0:00:00																																
0:00:00																																
0:00:00																																
0:00:00																																
0:00:00																																
0:00:00																																
0:00:00																																
0:00:00																																
0:00:00																																
0:00:00																																
0:00:00																																
0:00:00																																
0:00:00																																
0:00:00																																
0:00:00																																
0:00:00																																
0:00:00																																
0:00:00																																
0:00:00																																
0:00:00																																
0:00:00																																
0:00:00																																
0:00:00																																
0:00:00																																
0:00:00																																
0:00:00																																
0:00:00																																
0:00:00																																
0:00:00																																
0:00:00																																
0:00:00																																
0:00:00																																
0:00:00																																
0:00:00																																
0:00:00																																
0:00:00																																
0:00:00																																
0:00:00																																
0:00:00																																
0:00:00																																
0:00:00																																
0:00:00																																
0:00:00																																
0:00:00																																
0:00:00																																
0:00:00																																
0:00:00																																
0:00:00																																
0:00:00																																
0:00:00																																
0:00:00																																
0:00:00																																
0:00:00																																
0:00:00																																
0:00:00																																
0:00:00																																
0:00:00																																
0:00:00																																
0:00:00																																
0:00:00																																
0:00:00																																
0:00:00																																
0:00:00																																
0:00:00																																
0:00:00																																
0:00:00																																
0:00:00																																
0:00:00																																
0:00:00																																
0:00:00																																
0:00:00																																
0:00:00																																
0:00:00																																
0:00:00																																
0:00:00																																
0:00:00																																
0:00:00																																
0:00:00																																
0:00:00																																
0:00:00																																
0:00:00																																
0:00:00																																
0:00:00																																
0:00:00																																
0:00:00																																
0:00:00																																
0:00:00																																
0:00:00																																
0:00:00																																
0:00:00																																
0:00:00																																
0:00:00																																
0:00:00																																
0:00:00																																
0:00:00																																
0:00:00																																
0:00:00																																
0:00:00																																
0:00:00																																
0:00:00																																
0:00:00																																
0:00:00																																
0:00:00																																
0:00:00																																
0:00:00																																
0:00:00																																
0:00:00																																
0:00:00																																
0:00:00																																
0:00:00																																
0:00:00																																
0:00:00																																
0:00:00																																
0:00:00																																
0:00:00																																
0:00:00																																
0:00:00																																
0:00:00																																
0:00:00																																
0:00:00																																
0:00:00																																
0:00:00																																
0:00:00																																

gfp:485,515[2]

Time	T° gfp:485,515[2]	E1	E2	E3	E4	E5	E6	E7	F1	F2	F3	F4	F5	F6	F7	F8	G1	G2	G3	G4	G5	G6	G7	G8	H1	H2	H3	H4	H5	H6	H7	H8
0:00:17	27.1	923	2852	1578	1415	2500	2540	2496	2864	1389	3076	2758	2420	2303	2366	2664	2631	2499	1879	1899	2159	1517	1423	2444	1290	1249	2291	2172	2170	2247	2237	2285
0:03:17	30.6	984	2857	1439	1294	2215	2327	2230	2688	1220	2824	2447	2286	2188	2232	2566	2308	2292	1735	1657	2020	1690	1569	2250	1166	1202	2106	2086	2123	2117	2058	2135
0:06:17	33.4	1219	2526	1240	1187	2007	2274	2010	2457	925	2720	2295	2081	2010	2007	2602	2033	2120	1446	1474	1882	1965	1655	2115	1213	1145	1955	1834	1972	1954	1788	1926
0:09:17	34.0	1765	2337	1094	1036	1882	2110	1929	2332	1083	2562	2254	1967	1888	1918	2653	2092	2030	1236	1331	1769	2184	2261	1882	1334	1331	2003	1743	1926	1900	1807	1850
0:12:17	34.0	2748	2211	1004	977	1956	1964	1927	2261	1344	2502	2172	1991	1858	2050	2531	2090	2100	1171	1134	1763	2532	2855	1921	1408	1365	1884	1736	1875	1871	1697	1827
0:15:17	34.0	3814	2054	952	907	1857	1939	1743	2216	1598	1593	1630	1965	1846	1828	2424	1984	2044	1059	1125	1752	3202	3705	1898	1687	1681	1729	1701	1778	1748	1704	1830
0:18:17	34.0	5264	1423	963	885	1435	1667	1017	2189	2161	2485	1184	1696	1452	1285	1795	1726	1877	990	1042	1810	4058	4992	1897	2212	2263	1289	1611	1394	1420	1848	1576
0:21:17	34.0	6833	1734	911	787	1281	1470	1309	2058	3088	4510	1773	1240	1457	1566	2189	1649	1711	1015	1030	1657	5156	6534	1514	2865	3143	2057	1506	2109	2141	2141	1906
0:24:17	34.0	8608	2560	860	847	2031	2192	2138	2020	4004	6996	2767	1746	2009	2401	3142	2951	3011	946	989	3037	6974	8609	2567	3704	4065	3660	2892	4015	4054	2378	3756
0:27:17	34.0	10706	3720	862	799	3056	3342	3290	1988	5189	9753	3911	2744	2737	3355	4490	4597	4790	944	958	5084	8531	10805	4749	4623	5367	5583	4539	6326	6138	4076	5989
0:30:17	34.0	12768	5038	888	755	4166	4480	4217	1980	6538	13094	5100	3675	3752	4368	6266	6559	6616	919	937	7558	10477	13347	7394	5661	6375	7992	6332	8869	8944	6770	8861
0:33:17	34.0	14769	6722	861	760	5554	5862	5280	1892	7829	16411	6338	4880	4673	5387	8283	8458	8626	963	933	10047	12514	15664	10281	6759	7639	10465	8518	11536	11380	10044	11474
0:36:17	34.0	17217	8318	844	791	6852	7329	6511	1879	9651	19478	7687	6066	5751	6587	10254	10572	10661	877	959	12909	14388	18205	13541	7912	8769	12846	10644	14359	14235	12765	14678
0:39:17	34.0	19642	9621	818	804	8633	8789	7542	1890	11248	23321	8709	7453	6466	8065	12579	12955	12509	901	869	15528	16334	20758	16427	9275	10375	15445	13171	17283	16720	16070	17517
0:42:17	34.0	22406	10815	806	814	9982	10439	8896	1810	12616	27182	10548	8861	7941	9214	14960	15013	14396	917	902	18269	18570	23465	19582	10189	11670	17755	15711	20310	19311	19274	20383
0:45:17	34.0	25185	12645	801	780	11894	12124	10288	1813	14853	30832	11748	10678	9048	10755	16904	17507	16208	925	903	21254	20443	25344	21899	12001	13544	20101	17629	22736	22147	22369	23677
0:48:17	34.0	27942	13798	825	772	13732	13690	11610	1691	16593	34719	13134	12162	9926	12314	19408	20165	18311	936	906	24428	22961	28812	24938	13427	14883	22171	20348	25068	24355	25400	26691
0:51:17	34.0	30830	15202	791	820	15429	15703	12582	1580	18253	37723	14805	13632	11306	14100	21664	21930	20793	906	938	26922	24357	30542	27939	14871	16274	23927	21928	27987	26982	28042	29063
0:54:17	34.0	33652	16406	783	737	16819	17456	14176	1604	19968	41821	16329	15641	12488	15617	23743	24104	22098	964	924	29366	26576	33289	30166	16666	17940	26367	24765	30767	29476	31233	31465
0:57:17	34.0	37210	17753	818	765	19149	19812	15443	1450	22085	44563	18079	17598	13633	17224	25621	26574	24605	1015	987	31590	28944	35889	33014	18243	19629	28274	26886	33605	31633	33540	35188
1:00:17	34.0	40119	19386	899	729	20976	21518	16769	1353	23627	47542	19715	19046	14899	18521	27773	29039	26347	1015	970	33840	30770	38292	36028	19848	20998	30045	28258	35712	34161	36185	37175
1:03:17	34.0	42798	20285	873	783	22131	24008	17952	1201	25477	51422	21692	20430	16531	20422	29705	31364	28509	1056	1005	36960	32168	39639	38208	21484	22646	31836	31047	38106	35921	38313	39301
1:06:17	34.0	44746	21372	877	857	24012	25805	19153	1057	27354	53965	22525	22454	17348	21640	32029	33072	30074	1070	1051	39696	35031	42495	40500	23645	24482	33742	32794	41540	38503	41541	42531
1:09:17	34.0	47282	22841	894	804	25934	27229	20478	885	29203	56943	24520	23854	18612	22954	33446	35038	31587	1087	1051	40998	36003	44303	42694	25242	25929	35783	34961	43015	40717	43543	44619
1:12:17	34.0	51784	23815	953	817	27309	29304	21676	760	30091	59611	25626	25502	19839	24558	35266	37973	33098	1146	1085	44289	38444	46693	43868	27280	27508	37715	36345	46871	42360	46137	46631
1:15:17	34.0	51858	25062	906	854	28849	31429	22629	656	31996	62340	27618	26959	20683	25191	37403	38702	36237	1167	1153	46553	40155	48829	46472	28795	30096	38903	38286	48220	44918	48292	49814
1:18:17	34.0	56182	26396	907	824	30964	33623	24419	624	34654	65927	29891	28585	22364	27361	38447	41485	37959	1139	1159	48361	42658	50389	48820	30999	32224	41616	39538	51203	47170	50107	51547
1:21:17	34.0	58491	28262	990	807	31464	34725	25188	591	35346	67876	31046	30061	23793	28526	40385	43418	38867	1250	1222	49204	44799	52763	50099	32600	33527	42598	41687	52637	48786	51788	54299
1:24:17	34.0	61857	28640	947	856	33334	37362	26581	633	36959	73041	32558	31297	24427	30282	40662	45508	41257	1276	1191	52712	46211	55269	52377	34134	35512	44404	42921	54857	51658	53841	55738
1:27:17	34.0	64776	30145	1034	925	34341	39499	27635	569	39236	74889	34246	32986	25773	31344	42912	46903	43354	1244	1235	55829	46442	58170	54029	36074	37242	45578	44320	58155	52505	56456	57043
1:30:17	34.0	67571	31252	965	869	35492	40750	27717	631	40986	78307	35805	33756	26579	32021	44039	49161	45161	1303	1321	57519	49835	59212	54128	37775	39042	47620	46882	59529	55581	57731	60053
1:33:17	34.0	71421	31827	1028	948	37156	41870	29729	676	41845	78257	37429	35054	28322	33714	46099	50985	47222	1367	1314	59465	51587	61176	56896	40687	40507	49594	47585	62571	55787	59554	62220
1:36:17	34.0	72615	33092	1039	940	38352	44749	30230	689	43988	82906	38845	35591	28148	34809	46819	52249	49160	1396	1354	62330	53226	63861	58843	42089	42663	50792	49072	64956	57358	61864	64405
1:39:17	34.0	76107	34375	1086	921	40007	46001	31463	689	44745	84784	40210	37509	30031	36056	47457	54605	51214	1444	1408	63142	54537	65229	60263	44277	42650	51994	51034	66645	61428	62876	65942
1:42:17	34.0	77467	34396	1062	977	41095	47377	31912	723	46568	87845	42104	38396	31016	37523	49053	55307	52161	1492	1461	65482	55796	67912	61723	45931	45486	54556	53427	68030	62291	64024	68730
1:45:17	34.0	81855	35627	1129	914	42352	49175	33840	729	49246	89758	42963	39636	32083	38030	50829	57030	54470	1510	1487	70069	58772	69370	64844	47656	47203	55436	54668	70917	64255	66043	69283
1:48:17	34.0	82578	36369	1164	990	42809	51327	33660	795	51569	91166	44740	40492	32631	39071	52976	58037	55903	1558	1570	70639	58864	69103	65004	48911	49565	56439	56806	72661	66089	68378	70492
1:51:17	34.0	86047	38323	1176	1022	44836	52052	35607	740	50708	93626	46253	41938	33249	40079	53422	60730	57505	1545	1579	73281	60953	72465	66031	52012	51096	58077	56500	73630	66418	69563	74439
1:54:17	34.0	89322	38930	1146	1017	45266	54827	35839	824	52674	96224	46972	43511	34298	41414	54363	62299	59189	1591	1564	75164	63405	73533	67283	53554	50757	59964	58421	76712	69079	71102	74927
1:57:17	34.0	94089	39756	1224	1026	47236	53403	37034	817	55460	98107	48734	42665	34395	42410	55002	62958	61404	1635	1581	76842	64603	73552	69127	54589	53337	62056	59650	77870	70124	72097	74978
2:00:17	34.0	96206	41038	1178	1056	48676	56957	37967	799	56685	OVRFLW	51455	45016	36447	43331	56161	65002	62526	1655	1664	77771	66494	75827	70938	56212	55490	62427	60834	78674	72463	72831	77673
2:03:17	34.0	99061	41274	1206	1057	49120	57905	38532	814	57680	OVRFLW	52828	45985	37382	44618	57334	67636	65436	1706	1612	80528	66951	79299	72323	57962	56132	63961	61713	81059	75051	74909	79913
2:06:17	34.0	OVRFLW	42822	1238	1110	49956	59573	39925	820	59232	OVRFLW	51977	46705	38326	44303	57834	67626	65534	1754	1684	83872	68162	79533	72888	59765	58095	64556	62867	84052	77244	76426	81611
2:09:17	34.0	OVRFLW	43667	1226	1161	51387	61045	40643	828	60959	OVRFLW	54484	47803	38791	45850	59647	70204	68383	1787	1754	85128	68893	82440	76137	60741	58678	66263	65104	85389	77860	78532	81473
2:12:17	34.0	OVRFLW	44197	1223	1130	52025	61318	41796	818	62392	OVRFLW	55540	49428	38949	45973	60728	70344	69922	1790	1833	86998	70939	84086	75310	63474	59729	68315	65753	87242	80200	78381	82849
2:15:17	34.0	OVRFLW	45233	1259	1209	52829	62721	42856	797	64618	OVRFLW	58082	50581	40797	48229	61015	71892	71724	1811	1733	88359	72323	84888	79440	65846	61832	70043	67816	91450	82379	82210	85346
2:18:17	34.0	OVRFLW	44949	1348	1168	54187	64835	43139	807	65678	OVRFLW	58048	51462	40872	49419	62666	73209	75012	1838	1901	89531	73576	85632	77829	64582	63030	70351	69246	90012	83365	82383	86582
2:21:17	34.0	OVRFLW	46528	1293	1202	54494	65594	43981	771	67351	OVRFLW	60048	52695	41908	50704	63120	75375	74674	1764	1795	91327	75088	87855	80958	67656	64807	71573	68709	96684	84577	82874	87532
2:24:17	34.0	OVRFLW	48510	1329	1225	56645	66646	45206	775	68753	OVRFLW	61538	53560	42940	50600	64770	76883	78095	1857	1851	94720	75736	89458	84113	69901	66598	72402	70851	95506	85520	86194	90183
2:27:17	34.0	OVRFLW	48442	1376	1267	56074	69237	46077	773	69417	OVRFLW	62215	54731	43788	51452	66224	78071	78115	1852	1869	95191	76360	90794	83911	69512	67888	73658	72340	97013	86945	85622	92138
2:30:17	34.0	OVRFLW	48975	1469	1260	58235	69779	46505	718	72278	OVRFLW	61834	55305	44875	53300	67075	80273	80460	1848	1891	95109	77596	91230	84062	70973	68833	74613	72796	99066	89615	85899	93324
2:33:17	34.0	OVRFLW	49859	1452	1245	58931	70233	47774	799	71379	OVRFLW	64800	55674	45357	54683	66672	81394	81780	1884	1911	96763	79651	91549	86659	72850	70763	76026	74744	99958	90392	89498	91951
2:36:17	34.0	OVRFLW	50458	1416	1254	59685	73551	48336	808	73020	OVRFLW	65656	56785	45593	55156	68281	83167	84300	1985	1908	99131	80590	93726	86956	75076	70170	76840	75011	OVRFLW	92667	92053	95765
2:39:17	34.0	OVRFLW	51524	1429	1294	60155	73724	49579	797	74643	OVRFLW	66555	57264	46961	55558	70016	83400	85803	1896	1937	OVRFLW	81389	93373	89201	76379	71634	78015	77045	OVRFLW	92256	94073	95508
2:42:17	34.0	OVRFLW	51701	1464	1315	62329	73457	50617	781	76459	OVRFLW	67467	59282	48062	56728	69968	85931	85542	1864	1936	OVRFLW	83303	95597	89836	77019	72024	78868	75922	OVRFLW	98004	93905	97220
2:45:17	34.0	OVRFLW	52563	1490	1402	62193	76324	50968	769	77442	OVRFLW	68917	61268	47659	56623	70505	86107	88002	1879	1989	OVRFLW	83437	96430	89583	77444	72935	79931	76938	OVRFLW	97403	94844	97029
2:48:17	34.0	OVRFLW	54178	1339	1358	62969	76566	50821	789	78408	OVRFLW	70336	61875	48727	58425	72256	87546	91616	1916	1940	OVRFLW	84423	97045	91000	78234	73462	80904	78826	OVRFLW	99118	93846	OVRFLW
2:51:17	34.0	OVRFLW	54212	1510	1368	63465	77869	52062	805	80046	OVRFLW	71331	61780	49186	57856	73352	89586	91226	1930	1984	OVRFLW	83701	99000	92657	80319	76063	80633	79480	OVRFLW	98807	99250	OVRFLW
2:54:17	34.0	OVRFLW	55313	1473	1368	65588	79776	53501	797	80440	OVRFLW	71993	62805	48696	60849	73014	89272	92491	1974	1992	OVRFLW	85306	99703	92057	81784	75893	82086	80500	OVRFLW	OVRFLW	98922	OVRFLW
2:57:17	34.0	OVRFLW	54999	1481	1414	65093	80773	55056	758	80934	OVRFLW	73819	63364	50489	59232	74837	92111	95956	1943	1987	OVRFLW	88044	OVRFLW	95555	83174	77199	84845	81408	OVRFLW	OVRFLW	99218	OVRFLW
3:00:17	34.0	OVRFLW	55954	1586	1406	65511	82583	54253	803	82514	OVRFLW	74516	64648	51272	61884	76305	93014	98140	1969	1973	OVRFLW	87537	OVRFLW	97273	84349	78616	82321	81351	OVRFLW	OVRFLW	OVRFLW	OVRFLW
3:03:17	34.0	OVRFLW	56935	1485	1444	67492	84155	55452	775	83648	OVRFLW	76799	66135	51738	61197	75665	94579	97945	1989	1950	OVRFLW	87462	OVRFLW	95612	84637	79056	83657	83255	OVRFLW	OVRFLW	OVRFLW	OVRFLW
3:06:17	34.0	OVRFLW	58443	1511	1437	67467	83961	56483	798	84693	OVRFLW	76752	67576	52703	63789	75401	95157	OVRFLW	2029	2030	OVRFLW	90197	OVRFLW	97979	86032	79679	86605	84256	OVRFLW	OVRFLW	OVRFLW	OVRFLW
3:09:17	34.0	OVRFLW	58362	1609	1435	66979	85258	56592	817	84047	OVRFLW	77323	68398	53609	63925	78500	96491	98305	1962	2080	OVRFLW	91430	OVRFLW	99535	85188	81602	84980	84851	OVRFLW	OVRFLW	OVRFLW	OVRFLW
3:12:17	34.0	OVRFLW	59632	1597	1408	69181	84908	57919	793	84166	OVRFLW	80569	68195	54285	65035	76396	98068	OVRFLW	2075	2101	OVRFLW	92498	OVRFLW	OVRFLW	88395	80147	85903	85462	OVRFLW	OVRFLW	OVRFLW	OVRFLW
3:15:17	34.0	OVRFLW	60333	1605	1400	69078	87915	59190	798	89373	OVRFLW	80583	70059	55202	66946	79949	OVRFLW	OVRFLW	2120	2084	OVRFLW	91905	OVRFLW	OVRFLW	87776	83230	89119	85427	OVRFLW	OVRFLW	OVRFLW	OVRFLW
3:18:17	34.0	OVRFLW	60270	1562	1487	72051	88681	59881	846	87501	OVRFLW	81477	68778	55382	66914	79226	99366	OVRFLW	2071	2110	OVRFLW	91642	OVRFLW	OVRFLW	89950	84210	89433	85546	OVRFLW	OVRFLW	OVRFLW	OVRFLW
3:21:17	34.0	OVRFLW	60346	1580	1526	70970	90031	59115	847	88127	OVRFLW	82384	71449	56578	66924	80861	OVRFLW	OVRFLW	2095	2082	OVRFLW	92337	OVRFLW	OVRFLW	90157	84140	88380	87980	OVRFLW	OVRFLW	OVRFLW	OVRFLW
3:24:17	34.0	OVRFLW	60671	1631	1524	71858	89854	61094	840	89907	OVRFLW	82928	71891	56640	69075	81190	OVRFLW	OVRFLW	2068	2097	OVRFLW	93505	OVRFLW	OVRFLW	89770	84102	88797	88242	OVRFLW	OVRFLW	OVRFLW	OVRFLW
3:27:17	34.0	OVRFLW	62796	1695	1485	73105	90193	61541	866	88526	OVRFLW	84602	73682	58388	68480	81973	OVRFLW	OVRFLW	2133	2115	OVRFLW	94527	OVRFLW	OVRFLW	90734	85409	88353	89819	OVRFLW	OVRFLW	OVRFLW	OVRFLW
3:30:17	34.0	OVRFLW	63729	1656	1596	73920	91866	61914	870	90629	OVRFLW	85040	74841	57770	69663	83898	OVRFLW	OVRFLW	2105	2108	OVRFLW	93639	OVRFLW	OVRFLW	93516	84309	90406	89380	OVRFLW	OVRFLW	OVRFLW	OVRFLW
3:33:17	34.0	OVRFLW	62992	1706	1609	75237	93999	62630	858	91721	OVRFLW	86428	75029	58010	70107	83606	OVRFLW	OVRFLW	2157	2166	OVRFLW	94485	OVRFLW	OVRFLW	92274	85817	90934	90687	OVRFLW	OVRFLW	OVRFLW	OVRFLW
3:36:17	34.0	OVRFLW	65411	1682	1561	74914	92653	63701	897	93262	OVRFLW	87311	76522	59965	70554	83839	OVRFLW	OVRFLW	2131	2084	OVRFLW	96553	OVRFLW	OVRFLW	95641	86231	91048	89833	OVRFLW	OVRFLW	OVRFLW	OVRFLW
3:39:17	34.0	OVRFLW	65078	1783	1622	75625	94836	64883	877	93319	OVRFLW	88867	76781	59798	71015	84933	OVRFLW	OVRFLW	2146	2107	OVRFLW	96543	OVRFLW	OVRFLW	93633	86270	90229	91492	OVRFLW	OVRFLW	OVRFLW	OVRFLW
3:42:17	34.0	OVRFLW	66937	1726	1621	75927	95701	64676	828	94709	OVRFLW	89511	77526	60746	73905	86338	OVRFLW	OVRFLW	2081	2157	OVRFLW	96668	OVRFLW	OVRFLW	97231	89625	91005	91308	OVRFLW	OVRFLW	OVRFLW	OVRFLW
3:45:17	34.0	OVRFLW	67246	1658	1625	78042	96483	65638	905	96053	OVRFLW	89476	78308	60331	73705	86094	OVRFLW	OVRFLW	2172	2170	OVRFLW	97101	OVRFLW	OVRFLW	96631	89239	91356	91964	OVRFLW	OVRFLW	OVRFLW	OVRFLW
3:48:17	34.0	OVRFLW	67071	1729	1660	77297	97401	66675	886	96231	OVRFLW	91719	78270	61147	75085	87312	OVRFLW	OVRFLW	2174	2204	OVRFLW	98261	OVRFLW	OVRFLW	96961	88477	92091	92238	OVRFLW	OVRFLW	OVRFLW	OVRFLW
3:51:17	34.0	OVRFLW	68886	1788	1610	78718	OVRFLW	67295	883	97668	OVRFLW	91911	80636	63007	75696	87506	OVRFLW	OVRFLW	2194	2255	OVRFLW	97753	OVRFLW	OVRFLW	98118	91294	92508	92673	OVRFLW	OVRFLW	OVRFLW	OVRFLW
3:54:17	34.0	OVRFLW	69021	1759	1661	77309	99933	67223	889	99656	OVRFLW	92870	79999	64248	74133	89222	OVRFLW	OVRFLW	2243	2258	OVRFLW	99101	OVRFLW	OVRFLW	98868	90700	93251	95088	OVRFLW	OVRFLW	OVRFLW	OVRFLW
3:57:17	34.0	OVRFLW	68338	1776	1659	79107	OVRFLW	68367	874	99988	OVRFLW	93576	80825	64761	76240	86962	OVRFLW	OVRFLW	2244	2283	OVRFLW	OVRFLW	OVRFLW	OVRFLW	99921	91347	94559	94170	OVRFLW	OVRFLW	OVRFLW	OVRFLW
4:00:17	34.0	OVRFLW	69646	1753	1682	79900	OVRFLW	68458	905	99131	OVRFLW	94981	82694	65323	78693	88783	OVRFLW	OVRFLW	2321	2325	OVRFLW	OVRFLW	OVRFLW	OVRFLW	OVRFLW	91407	94678	94363	OVRFLW	OVRFLW	OVRFLW	OVRFLW
4:03:17	34.0	OVRFLW	71418	1776	1741	79886	OVRFLW	69273	965	OVRFLW	OVRFLW	95614	83354	64993	76896	88680	OVRFLW	OVRFLW	2341	2317	OVRFLW	OVRFLW	OVRFLW	OVRFLW	OVRFLW	92604	95253	95353	OVRFLW	OVRFLW	OVRFLW	OVRFLW
4:06:17	34.0	OVRFLW	72012	1794	1613	80260	OVRFLW	70171	912	OVRFLW	OVRFLW	96818	84694	66004	78254	90215	OVRFLW	OVRFLW	2241	2352	OVRFLW	OVRFLW	OVRFLW	OVRFLW	OVRFLW	92411	95155	97323	OVRFLW	OVRFLW	OVRFLW	OVRFLW
4:09:17	34.0	OVRFLW	72410	1816	1763	82023	OVRFLW	71333	872	OVRFLW	OVRFLW	95731	83272	66166	79377	91106	OVRFLW	OVRFLW	2233	2395	OVRFLW	OVRFLW	OVRFLW	OVRFLW	OVRFLW	94138	94791	94967	OVRFLW	OVRFLW	OVRFLW	OVRFLW
4:12:17	34.0	OVRFLW	72935	1919	1794	82259	OVRFLW	71517	964	OVRFLW	OVRFLW	98684	84740	66890	80695	92836	OVRFLW	OVRFLW	2338	2405	OVRFLW	OVRFLW	OVRFLW	OVRFLW	OVRFLW	94188	98326	99352	OVRFLW	OVRFLW	OVRFLW	OVRFLW
0:00:00																																
0:00:00																																
0:00:00																																
0:00:00																																
0:00:00																																
0:00:00																																
0:00:00																																
0:00:00																																
0:00:00																																
0:00:00																																
0:00:00																																
0:00:00																																
0:00:00																																
0:00:00																																
0:00:00																																
0:00:00																																
0:00:00																																
0:00:00																																
0:00:00																																
0:00:00																																
0:00:00																																
0:00:00																																
0:00:00																																
0:00:00																																
0:00:00																																
0:00:00																																
0:00:00																																
0:00:00																																
0:00:00																																
0:00:00																																
0:00:00																																
0:00:00																																
0:00:00																																
0:00:00																																
0:00:00																																
0:00:00																																
0:00:00																																
0:00:00																																
0:00:00																																
0:00:00																																
0:00:00																																
0:00:00																																
0:00:00																																
0:00:00																																
0:00:00																																
0:00:00																																
0:00:00																																
0:00:00																																
0:00:00																																
0:00:00																																
0:00:00																																
0:00:00																																
0:00:00																																
0:00:00																																
0:00:00																																
0:00:00																																
0:00:00																																
0:00:00																																
0:00:00																																
0:00:00																																
0:00:00																																
0:00:00																																
0:00:00																																
0:00:00																																
0:00:00																																
0:00:00																																
0:00:00																																
0:00:00																																
0:00:00																																
0:00:00																																
0:00:00																																
0:00:00																																
0:00:00																																
0:00:00																																
0:00:00																																
0:00:00																																
0:00:00																																
0:00:00																																
0:00:00																																
0:00:00																																
0:00:00																																
0:00:00																																
0:00:00																																
0:00:00																																
0:00:00																																
0:00:00																																
0:00:00																																
0:00:00																																
0:00:00																																
0:00:00																																
0:00:00																																
0:00:00																																
0:00:00																																
0:00:00																																
0:00:00																																
0:00:00																																
0:00:00																																
0:00:00																																
0:00:00																																
0:00:00																																
0:00:00																																
0:00:00																																
0:00:00																																
0:00:00																																
0:00:00																																
0:00:00																																
0:00:00																																
0:00:00																																
0:00:00																																
0:00:00																																
0:00:00																																
0:00:00																																
0:00:00																																
0:00:00																																
0:00:00																																
0:00:00																																
0:00:00																																
0:00:00																																
0:00:00																																
0:00:00																																
0:00:00																																
0:00:00																																
0:00:00																																
0:00:00																																
0:00:00																																
0:00:00																																
0:00:00																																
0:00:00																																
0:00:00																																
0:00:00																																
0:00:00																																
0:00:00																																
0:00:00																																
0:00:00																																
0:00:00																																
0:00:00																																
0:00:00																																
0:00:00																																
0:00:00																																
0:00:00																																
0:00:00																																
0:00:00																																
0:00:00																																
0:00:00																																
0:00:00																																
0:00:00																																
0:00:00																																
0:00:00																																
0:00:00																																
0:00:00																																
0:00:00																																
0:00:00																																
0:00:00																																
0:00:00																																
0:00:00																																
0:00:00																																
0:00:00																																
0:00:00																																
0:00:00																																
0:00:00																																
0:00:00																																
0:00:00																																
0:00:00																																
0:00:00																																
0:00:00																																
0:00:00																																
0:00:00																																
0:00:00																																
0:00:00																																
0:00:00																																
0:00:00																																
0:00:00																																
0:00:00																																
0:00:00																																
0:00:00																																
0:00:00																																
0:00:00																																
0:00:00																																
0:00:00																																
0:00:00																																
0:00:00																																
0:00:00																																
0:00:00																																
0:00:00																																
0:00:00																																
0:00:00																																
0:00:00																																
0:00:00																																
0:00:00																																
0:00:00																																
0:00:00																																
0:00:00																																
0:00:00																																
0:00:00																																
0:00:00																																
0:00:00																																
0:00:00																																
0:00:00																																
0:00:00																																
0:00:00																																
0:00:00																																
0:00:00																																
0:00:00																																
0:00:00																																
0:00:00																																
0:00:00																																
0:00:00																																
0:00:00																																
0:00:00																																
0:00:00																																
0:00:00																																
0:00:00																																
0:00:00																																
0:00:00																																
0:00:00																																
0:00:00																																
0:00:00																																
0:00:00																																
0:00:00																																
0:00:00																																
0:00:00																																
0:00:00																																
0:00:00																																
0:00:00																																
0:00:00																																
0:00:00																																
0:00:00																																
0:00:00																																
0:00:00																																
0:00:00																																
0:00:00																																
0:00:00																																
0:00:00																																
0:00:00																																
0:00:00																																
0:00:00																																
0:00:00																																
0:00:00																																
0:00:00																																
0:00:00																																
0:00:00																																
0:00:00																																
0:00:00																																
0:00:00																																
0:00:00																																
0:00:00																																
0:00:00																																
0:00:00																																
0:00:00																																
0:00:00																																
0:00:00																																
0:00:00																																
0:00:00																																
0:00:00																																
0:00:00																																
0:00:00																																
0:00:00																																
0:00:00																																
0:00:00																																
0:00:00																																
0:00:00																																
0:00:00																																
0:00:00																																
0:00:00																																
0:00:00																																
0:00:00																																
0:00:00																																
0:00:00																																
0:00:00																																
0:00:00																																
0:00:00																																
0:00:00																																
0:00:00																																
0:00:00																																
0:00:00																																
0:00:00																																
0:00:00																																
0:00:00																																
0:00:00																																
0:00:00																																
0:00:00																																
0:00:00																																
0:00:00																																
0:00:00																																
0:00:00																																
0:00:00																																
0:00:00																																
0:00:00																																
0:00:00																																
0:00:00																																
0:00:00																																
0:00:00																																
0:00:00																																
0:00:00																																
0:00:00																																
0:00:00																																
0:00:00																																
0:00:00																																
0:00:00																																
0:00:00																																
0:00:00																																
0:00:00																																
0:00:00																																
0:00:00																																
0:00:00																																
0:00:00																																
0:00:00																																
0:00:00																																
0:00:00																																
0:00:00																																
0:00:00																																
0:00:00																																
0:00:00																																
0:00:00																																
0:00:00																																
0:00:00																																
0:00:00																																
0:00:00																																
0:00:00																																
0:00:00																																
0:00:00																																
0:00:00																																
0:00:00																																
0:00:00																																
0:00:00																																
0:00:00																																
0:00:00																																
0:00:00																																
0:00:00																																
0:00:00																																
0:00:00																																
0:00:00																																
0:00:00																																
0:00:00																																
0:00:00																																
0:00:00																																
0:00:00																																
0:00:00																																
0:00:00																																
0:00:00																																
0:00:00																																
0:00:00																																
0:00:00																																
0:00:00																																
0:00:00																																
0:00:00																																
0:00:00																																
0:00:00																																
0:00:00																																
0:00:00																																
0:00:00																																
0:00:00																																
0:00:00																																
0:00:00																																
0:00:00																																
0:00:00																																
0:00:00																																
0:00:00																																
0:00:00																																
0:00:00																																
0:00:00																																
0:00:00																																
0:00:00																																
0:00:00																																
0:00:00																																
0:00:00																																
0:00:00																																
0:00:00																																
0:00:00																																
0:00:00																																
0:00:00																																
0:00:00																																
0:00:00																																
0:00:00																																
0:00:00																																
0:00:00																																
0:00:00																																
0:00:00																																
0:00:00																																
0:00:00																																
0:00:00																																
0:00:00																																
0:00:00																																
0:00:00																																
0:00:00																																
0:00:00																																
0:00:00																																
0:00:00																																
0:00:00																																
0:00:00																																
0:00:00																																
0:00:00																																
0:00:00																																
0:00:00																																
0:00:00																																
0:00:00																																

Results
	1	2	3	4	5	6	7	8	9	10	11	12	13	14	15	16	17	18	19	20	21	22	23	24
A																									Max V [gfp:485,515]
																									R-Squared [gfp:485,515]
																									t at Max V [gfp:485,515]
																									Lagtime [gfp:485,515]
																									Max V [gfp:485,515[2]]
																									R-Squared [gfp:485,515[2]]
																									t at Max V [gfp:485,515[2]]
																									Lagtime [gfp:485,515[2]]
B																									Max V [gfp:485,515]
																									R-Squared [gfp:485,515]
																									t at Max V [gfp:485,515]
																									Lagtime [gfp:485,515]
																									Max V [gfp:485,515[2]]
																									R-Squared [gfp:485,515[2]]
																									t at Max V [gfp:485,515[2]]
																									Lagtime [gfp:485,515[2]]
C																									Max V [gfp:485,515]
																									R-Squared [gfp:485,515]
																									t at Max V [gfp:485,515]
																									Lagtime [gfp:485,515]
																									Max V [gfp:485,515[2]]
																									R-Squared [gfp:485,515[2]]
																									t at Max V [gfp:485,515[2]]
																									Lagtime [gfp:485,515[2]]
D																									Max V [gfp:485,515]
																									R-Squared [gfp:485,515]
																									t at Max V [gfp:485,515]
																									Lagtime [gfp:485,515]
																									Max V [gfp:485,515[2]]
																									R-Squared [gfp:485,515[2]]
																									t at Max V [gfp:485,515[2]]
																									Lagtime [gfp:485,515[2]]
E	89333.333	27666.667	7000.000	6000.000	24666.667	42000.000	23000.000																		Max V [gfp:485,515]
	1.000	1.000	1.000	1.000	1.000	1.000	1.000																		R-Squared [gfp:485,515]
	3:19:30	2:55:30	2:37:30	3:31:30	3:58:30	2:04:30	3:40:30																		t at Max V [gfp:485,515]
	2:26:28	2:01:35	2:37:51	3:30:20	2:32:31	1:27:54	2:25:42																		Lagtime [gfp:485,515]
	1589000.000	806333.333	-66333.333	-50333.333	991000.000	1184666.667	670666.667																		Max V [gfp:485,515[2]]
	1.000	1.000	1.000	1.000	1.000	1.000	1.000																		R-Squared [gfp:485,515[2]]
	1:55:47	3:34:47	0:04:47	0:07:47	3:16:47	1:58:47	1:31:47																		t at Max V [gfp:485,515[2]]
	0:58:39	2:18:42	0:01:11	0:01:45	2:08:06	1:14:21	0:52:41																		Lagtime [gfp:485,515[2]]
F	-6666.667	35000.000	52000.000	33000.000	28666.667	23333.333	29666.667	25333.333																	Max V [gfp:485,515]
	1.000	1.000	1.000	1.000	1.000	1.000	1.000	1.000																	R-Squared [gfp:485,515]
	0:43:30	4:04:30	3:22:30	4:04:30	3:40:30	3:49:30	3:13:30	1:22:30																	t at Max V [gfp:485,515]
	0:39:18	2:46:00	2:10:15	2:46:09	2:28:09	2:37:58	2:14:30	0:41:39																	Lagtime [gfp:485,515]
	-77000.000	1735666.667	1721666.667	1082000.000	890333.333	684000.000	997666.667	1184333.333																	Max V [gfp:485,515[2]]
	1.000	1.000	1.000	1.000	1.000	1.000	1.000	1.000																	R-Squared [gfp:485,515[2]]
	0:04:47	3:13:47	1:22:47	3:10:47	3:19:47	1:58:47	2:52:47	3:13:47																	t at Max V [gfp:485,515[2]]
	0:01:00	2:24:35	0:43:39	2:00:22	2:03:45	1:10:22	1:55:40	2:10:02																	Lagtime [gfp:485,515[2]]
G	33333.333	41333.333	4666.667	5000.000	54000.000	28333.333	34333.333	36666.667																	Max V [gfp:485,515]
	1.000	1.000	1.000	1.000	1.000	1.000	1.000	1.000																	R-Squared [gfp:485,515]
	2:37:30	2:49:30	1:01:30	0:46:30	2:31:30	1:34:30	3:37:30	4:07:30																	t at Max V [gfp:485,515]
	1:30:32	1:50:24	1:06:26	0:52:36	1:42:29	0:44:37	2:08:34	2:42:13																	Lagtime [gfp:485,515]
	978333.333	1204666.667	-96333.333	-80666.667	1529000.000	1131000.000	1157333.333	1376666.667																	Max V [gfp:485,515[2]]
	1.000	1.000	1.000	1.000	1.000	1.000	1.000	1.000																	R-Squared [gfp:485,515[2]]
	1:10:47	2:46:47	0:04:47	0:01:47	1:43:47	1:28:47	2:01:47	2:13:47																	t at Max V [gfp:485,515[2]]
	0:36:10	1:34:18	0:01:47	0:00:17	1:00:52	0:47:34	0:56:00	1:19:21																	Lagtime [gfp:485,515[2]]
H	29333.333	36333.333	30666.667	29666.667	52666.667	41333.333	36000.000	45333.333																	Max V [gfp:485,515]
	1.000	1.000	1.000	1.000	1.000	1.000	1.000	1.000																	R-Squared [gfp:485,515]
	2:16:30	3:34:30	2:13:30	2:40:30	2:25:30	2:31:30	0:46:30	3:49:30																	t at Max V [gfp:485,515]
	1:16:22	2:29:17	1:14:01	1:30:08	1:36:24	1:32:37	0:29:45	2:36:48																	Lagtime [gfp:485,515]
	1199333.333	1118333.333	1178333.333	1461666.667	2224000.000	1916000.000	1801333.333	1315666.667																	Max V [gfp:485,515[2]]
	1.000	1.000	1.000	1.000	1.000	1.000	1.000	1.000																	R-Squared [gfp:485,515[2]]
	3:40:47	3:40:47	4:10:47	4:10:47	2:19:47	2:40:47	2:49:47	1:49:47																	t at Max V [gfp:485,515[2]]
	2:22:17	2:23:16	2:50:47	3:05:48	1:38:47	1:52:18	1:57:26	0:56:26																	Lagtime [gfp:485,515[2]]
I																									Max V [gfp:485,515]
																									R-Squared [gfp:485,515]
																									t at Max V [gfp:485,515]
																									Lagtime [gfp:485,515]
																									Max V [gfp:485,515[2]]
																									R-Squared [gfp:485,515[2]]
																									t at Max V [gfp:485,515[2]]
																									Lagtime [gfp:485,515[2]]
J																									Max V [gfp:485,515]
																									R-Squared [gfp:485,515]
																									t at Max V [gfp:485,515]
																									Lagtime [gfp:485,515]
																									Max V [gfp:485,515[2]]
																									R-Squared [gfp:485,515[2]]
																									t at Max V [gfp:485,515[2]]
																									Lagtime [gfp:485,515[2]]
K																									Max V [gfp:485,515]
																									R-Squared [gfp:485,515]
																									t at Max V [gfp:485,515]
																									Lagtime [gfp:485,515]
																									Max V [gfp:485,515[2]]
																									R-Squared [gfp:485,515[2]]
																									t at Max V [gfp:485,515[2]]
																									Lagtime [gfp:485,515[2]]
L																									Max V [gfp:485,515]
																									R-Squared [gfp:485,515]
																									t at Max V [gfp:485,515]
																									Lagtime [gfp:485,515]
																									Max V [gfp:485,515[2]]
																									R-Squared [gfp:485,515[2]]
																									t at Max V [gfp:485,515[2]]
																									Lagtime [gfp:485,515[2]]
M																									Max V [gfp:485,515]
																									R-Squared [gfp:485,515]
																									t at Max V [gfp:485,515]
																									Lagtime [gfp:485,515]
																									Max V [gfp:485,515[2]]
																									R-Squared [gfp:485,515[2]]
																									t at Max V [gfp:485,515[2]]
																									Lagtime [gfp:485,515[2]]
N																									Max V [gfp:485,515]
																									R-Squared [gfp:485,515]
																									t at Max V [gfp:485,515]
																									Lagtime [gfp:485,515]
																									Max V [gfp:485,515[2]]
																									R-Squared [gfp:485,515[2]]
																									t at Max V [gfp:485,515[2]]
																									Lagtime [gfp:485,515[2]]
O																									Max V [gfp:485,515]
																									R-Squared [gfp:485,515]
																									t at Max V [gfp:485,515]
																									Lagtime [gfp:485,515]
																									Max V [gfp:485,515[2]]
																									R-Squared [gfp:485,515[2]]
																									t at Max V [gfp:485,515[2]]
																									Lagtime [gfp:485,515[2]]
P																									Max V [gfp:485,515]
																									R-Squared [gfp:485,515]
																									t at Max V [gfp:485,515]
																									Lagtime [gfp:485,515]
																									Max V [gfp:485,515[2]]
																									R-Squared [gfp:485,515[2]]
																									t at Max V [gfp:485,515[2]]
																									Lagtime [gfp:485,515[2]]

