

Software Version	3.04.17



Experiment File Path:	C:\Users\Biotek2\Box\biocircuits\Ankita\20201115_exp14_gfp_prespike.xpt
Protocol File Path:	C:\Users\Biotek2\Box\biocircuits\Ankita\gfp_24hr_protocol.prt



Plate Number	Plate 1
Date	11/16/2020
Time	7:06:18 PM
Reader Type:	Synergy H1
Reader Serial Number:	Unknown
Reading Type	Reader

Procedure Details

Plate Type	384 WELL PLATE
Well Selection	Runtime
Eject plate on completion	
Set Temperature	Setpoint 34°C
	Preheat before moving to next step
Start Kinetic	Runtime 24:00:00 (HH:MM:SS), Interval 0:03:00, 481 Reads
    Read	gfp
	Fluorescence Endpoint
	Full Plate
	Filter Set 1
	    Excitation: 485,  Emission: 515
	    Optics: Bottom,  Gain: 61
	Filter Set 2
	    Excitation: 485,  Emission: 515
	    Optics: Bottom,  Gain: 100
	Light Source: Xenon Flash,  Lamp Energy: High
	Read Speed: Normal,  Delay: 100 msec,  Measurements/Data Point: 10
	Read Height: 9.5 mm
End Kinetic	

Layout
	1	2	3	4	5	6	7	8	9	10	11	12	13	14	15	16	17	18	19	20	21	22	23	24
A						SPL1	SPL5	SPL9	SPL13																Well ID
B						SPL2	SPL6	SPL10	SPL14																Well ID
C						SPL3	SPL7	SPL11	SPL15																Well ID
D						SPL4	SPL8	SPL12	SPL16																Well ID
E						SPL17	SPL18																		Well ID
F																									Well ID
G						SPL19	SPL20	SPL21	SPL22	SPL23	SPL24														Well ID
H						SPL25	SPL28	SPL31	SPL34																Well ID
I						SPL26	SPL29	SPL32	SPL35																Well ID
J						SPL27	SPL30	SPL33	SPL36																Well ID
K						SPL37	SPL38																		Well ID
L																									Well ID
M																									Well ID
N																									Well ID
O																									Well ID
P																									Well ID

gfp:485,515

Time	T° gfp:485,515	A6	A7	A8	A9	B6	B7	B8	B9	C6	C7	C8	C9	D6	D7	D8	D9	E6	E7	G6	G7	G8	G9	G10	G11	H6	H7	H8	H9	I6	I7	I8	I9	J6	J7	J8	J9	K6	K7
0:00:00	30.1	40	43	46	24	27	36	39	35	46	59	34	37	30	32	58	40	38	50	36	40	51	55	48	41	17	57	64	57	33	43	26	28	37	48	22	24	28	28
0:03:00	33.3	35	41	49	29	23	24	35	40	48	50	28	27	27	38	59	49	42	48	43	38	40	53	48	52	14	51	47	47	47	44	38	21	36	52	27	25	35	29
0:06:00	34.0	46	32	43	38	29	33	43	44	51	50	18	17	39	53	54	50	44	41	54	41	42	39	30	28	16	45	39	45	45	49	38	47	34	56	28	30	45	37
0:09:00	34.0	58	39	37	12	28	26	53	67	44	44	31	26	69	84	59	53	39	54	62	49	38	38	20	25	15	28	43	32	58	57	46	51	39	64	24	25	58	45
0:12:00	34.0	84	33	18	24	40	44	68	75	43	47	56	40	115	143	53	52	42	45	87	56	33	41	20	30	12	50	45	59	76	82	52	70	42	78	36	24	74	53
0:15:00	34.0	123	19	19	29	51	37	96	105	44	44	87	58	183	212	61	64	38	68	123	84	48	45	29	26	20	90	64	98	115	122	69	105	55	119	40	24	97	79
0:18:00	34.1	165	24	14	26	62	45	154	140	38	49	129	90	286	317	84	84	48	77	170	117	67	46	24	37	16	137	97	141	167	173	103	144	76	165	56	28	145	109
0:21:00	34.0	219	30	17	22	85	54	207	188	37	36	175	115	414	434	101	103	54	97	214	163	86	54	24	22	21	195	126	199	213	230	131	204	107	212	73	24	185	151
0:24:00	34.0	281	24	15	23	109	73	262	248	34	42	234	156	521	542	116	126	61	111	272	214	112	71	21	22	13	276	175	281	287	319	172	280	138	280	104	35	230	204
0:27:00	34.0	369	33	16	19	140	89	334	315	35	37	300	197	681	670	141	148	76	144	332	268	134	78	23	27	16	324	212	337	373	387	218	332	174	345	124	29	307	253
0:30:00	34.0	404	41	13	21	166	106	410	366	26	30	365	252	812	821	156	177	88	172	398	330	163	83	30	28	22	385	251	402	444	447	268	411	219	402	160	34	368	307
0:33:00	34.0	493	44	16	24	197	128	484	430	25	27	428	305	949	993	202	207	99	215	465	374	192	101	21	20	12	461	295	477	514	529	309	474	250	467	177	30	432	376
0:36:00	34.0	539	47	20	20	234	151	562	473	19	27	496	353	1072	1124	209	240	115	238	528	455	227	102	22	26	23	513	321	528	592	612	366	547	283	518	199	39	487	435
0:39:00	34.0	614	55	22	22	279	175	636	561	21	24	558	399	1236	1292	240	276	126	285	586	511	251	117	19	24	18	591	371	602	695	674	420	616	329	589	230	38	560	500
0:42:00	34.0	683	56	30	26	316	196	713	619	19	23	622	439	1363	1425	250	305	143	315	655	575	278	124	18	16	18	646	412	678	771	735	473	690	357	636	262	42	640	552
0:45:00	34.0	706	58	20	23	370	216	797	685	13	23	680	486	1475	1534	289	327	154	364	700	622	311	134	15	28	16	726	462	722	837	803	534	751	400	696	279	48	704	614
0:48:00	34.0	802	63	30	26	402	237	877	737	24	23	759	540	1610	1649	312	350	181	408	769	678	344	146	33	22	17	791	499	786	922	864	564	812	432	754	310	45	773	683
0:51:00	34.0	850	68	24	27	440	256	939	805	17	30	802	594	1722	1777	338	379	192	445	844	733	376	163	22	23	16	834	536	839	997	936	632	891	465	801	330	47	855	746
0:54:00	34.0	897	81	21	23	486	287	1068	845	27	24	874	649	1838	1936	377	404	206	492	893	795	416	181	22	22	18	914	577	897	1025	1002	671	966	495	870	361	51	912	802
0:57:00	34.0	961	77	29	28	543	305	1110	917	17	17	914	681	1985	2033	409	445	229	551	945	828	434	197	20	23	18	966	614	974	1135	1052	722	1012	525	893	365	54	983	839
1:00:00	34.0	998	98	36	28	573	335	1205	969	12	26	988	732	2055	2124	430	459	233	587	1004	876	449	194	22	23	19	1030	660	1010	1186	1102	756	1095	545	954	393	60	1029	912
1:03:00	34.0	1062	90	26	25	613	368	1274	1017	9	26	1046	773	2144	2251	452	493	256	613	1054	954	495	206	23	25	21	1101	688	1075	1252	1143	831	1161	575	1006	422	54	1132	956
1:06:00	34.0	1116	83	33	27	669	383	1355	1093	21	29	1103	816	2244	2341	487	528	275	670	1090	1004	524	219	19	27	18	1133	701	1119	1343	1226	858	1198	616	1043	437	55	1210	1009
1:09:00	34.0	1175	95	35	27	711	433	1452	1136	24	28	1162	880	2350	2423	500	555	290	711	1141	1037	545	225	20	29	19	1191	749	1161	1399	1282	938	1279	641	1103	459	63	1260	1086
1:12:00	34.0	1209	105	31	29	761	451	1503	1226	23	25	1226	904	2514	2504	551	592	304	767	1194	1099	550	239	17	29	19	1248	772	1232	1475	1314	976	1328	674	1157	474	64	1320	1116
1:15:00	34.0	1278	96	33	24	808	480	1600	1274	18	26	1263	966	2555	2619	581	616	321	809	1269	1117	591	245	30	27	22	1320	815	1262	1531	1418	1028	1392	695	1224	495	69	1390	1173
1:18:00	34.0	1309	105	31	29	840	509	1713	1327	33	13	1280	981	2723	2725	604	632	331	814	1339	1180	619	243	23	28	17	1317	824	1316	1612	1456	1074	1453	718	1231	510	68	1464	1231
1:21:00	34.0	1376	106	30	28	910	511	1730	1381	23	27	1360	1030	2765	2796	643	683	344	858	1355	1227	648	262	29	24	16	1400	869	1368	1675	1518	1136	1518	737	1298	525	69	1533	1303
1:24:00	34.0	1422	105	34	39	935	561	1842	1478	22	25	1421	1060	2893	2886	670	706	354	916	1408	1288	666	263	32	33	20	1424	931	1412	1745	1552	1167	1567	775	1354	548	73	1566	1369
1:27:00	34.0	1458	115	32	35	987	565	1945	1517	19	30	1458	1125	2965	2966	698	737	381	956	1453	1322	703	277	26	27	15	1518	957	1432	1793	1616	1242	1617	802	1389	577	77	1662	1417
1:30:00	34.0	1514	105	33	34	1011	580	2023	1577	16	26	1497	1148	3072	3053	717	778	398	970	1493	1393	732	275	28	21	15	1572	968	1530	1886	1676	1285	1676	829	1455	578	69	1706	1490
1:33:00	34.0	1550	116	30	32	1059	617	2096	1613	22	21	1584	1180	3116	3123	741	789	417	1009	1543	1417	728	276	24	33	18	1581	1013	1563	1930	1757	1307	1689	869	1501	603	78	1803	1512
1:36:00	34.0	1576	119	32	38	1116	657	2143	1699	14	28	1622	1221	3251	3153	789	827	413	1063	1597	1492	761	277	32	23	30	1640	1011	1608	2044	1800	1382	1788	878	1501	600	84	1838	1580
1:39:00	34.0	1637	121	39	35	1138	674	2268	1729	23	22	1672	1253	3328	3262	798	875	435	1108	1666	1515	798	292	32	28	18	1674	1060	1662	2069	1871	1430	1858	921	1588	622	82	1940	1620
1:42:00	34.0	1711	120	38	36	1188	693	2355	1765	24	23	1689	1283	3354	3309	843	900	457	1068	1698	1534	821	289	26	29	18	1731	1100	1651	2143	1945	1466	1918	938	1610	636	89	2009	1707
1:45:00	34.0	1760	116	38	37	1237	726	2374	1859	19	25	1729	1314	3465	3430	869	929	454	1155	1702	1592	832	303	28	29	17	1760	1129	1740	2232	1971	1527	2003	977	1667	659	76	2073	1795
1:48:00	34.0	1780	123	33	35	1281	763	2507	1910	20	23	1809	1367	3536	3546	902	970	485	1182	1801	1657	886	297	28	33	20	1857	1150	1755	2292	2031	1538	2021	967	1722	675	86	2155	1824
1:51:00	34.0	1842	128	36	34	1314	789	2603	1963	17	20	1820	1390	3636	3628	928	989	507	1199	1793	1678	898	303	24	24	20	1900	1162	1801	2362	2100	1604	2054	1018	1740	710	90	2232	1890
1:54:00	34.0	1878	131	34	37	1369	799	2656	1981	23	28	1869	1424	3791	3656	948	1006	526	1237	1890	1733	912	312	30	29	23	1953	1170	1843	2396	2148	1654	2147	1026	1813	698	90	2299	1939
1:57:00	34.0	1924	126	36	40	1368	809	2675	2056	19	26	1879	1440	3732	3762	952	1066	537	1234	1923	1768	946	324	35	38	16	1945	1211	1903	2524	2233	1712	2196	1061	1831	714	99	2359	2027
2:00:00	34.0	1955	121	38	37	1451	849	2759	2117	22	24	1956	1479	3810	3825	992	1061	550	1260	1949	1789	914	326	32	27	20	2038	1230	1969	2592	2244	1746	2259	1102	1892	724	91	2483	2030
2:03:00	34.0	1972	125	41	34	1507	871	2847	2123	13	26	1987	1522	3880	3916	1043	1099	556	1315	2031	1784	978	335	25	28	17	2095	1255	1968	2634	2335	1766	2313	1133	1929	751	98	2476	2079
2:06:00	34.0	2018	137	45	36	1500	892	2866	2156	17	22	2028	1543	3970	3995	1037	1123	559	1320	2059	1881	1000	324	31	35	16	2115	1270	2026	2714	2348	1773	2390	1156	1976	742	96	2542	2175
2:09:00	34.0	2106	144	39	39	1550	917	2896	2204	17	29	2050	1581	4084	3983	1079	1144	586	1397	2108	1933	1022	326	30	41	22	2134	1332	2062	2744	2418	1849	2432	1162	2003	789	96	2614	2262
2:12:00	34.0	2115	136	34	39	1587	913	2981	2304	19	21	2071	1623	4176	4080	1073	1185	603	1389	2142	1968	1027	320	32	30	19	2198	1346	2086	2836	2459	1918	2468	1167	2069	775	97	2762	2292
2:15:00	34.0	2133	138	44	38	1627	912	3034	2333	22	28	2123	1684	4223	4186	1128	1211	620	1374	2164	1994	1052	336	33	37	21	2212	1332	2086	2912	2491	1955	2536	1197	2103	796	109	2797	2307
2:18:00	34.0	2168	134	39	44	1642	960	3055	2349	13	27	2175	1700	4247	4344	1128	1224	633	1416	2225	2015	1062	341	34	36	18	2291	1367	2179	2974	2582	1955	2633	1239	2138	813	110	2811	2352
2:21:00	34.0	2196	138	46	39	1680	980	3146	2437	17	25	2155	1723	4282	4368	1166	1231	644	1460	2251	2071	1113	345	27	35	16	2315	1385	2202	3011	2629	1999	2603	1261	2164	834	108	2873	2414
2:24:00	34.0	2218	144	44	40	1695	973	3232	2439	18	21	2249	1706	4423	4473	1183	1288	668	1482	2314	2117	1122	341	33	39	13	2357	1430	2233	3039	2693	2020	2652	1288	2214	827	114	2960	2485
2:27:00	34.0	2270	145	42	39	1751	1021	3239	2475	27	26	2234	1765	4509	4484	1213	1301	681	1464	2362	2120	1114	339	33	36	15	2328	1479	2247	3151	2766	2052	2739	1289	2178	828	117	3006	2579
2:30:00	34.0	2310	147	44	38	1750	1031	3320	2525	23	23	2240	1775	4540	4506	1201	1376	686	1497	2383	2190	1152	345	34	33	12	2392	1454	2309	3163	2745	2105	2765	1326	2260	880	123	3097	2623
2:33:00	34.0	2332	144	44	37	1763	1035	3363	2552	20	22	2301	1848	4481	4668	1237	1416	711	1509	2377	2226	1170	348	25	39	16	2478	1476	2342	3199	2860	2160	2830	1330	2299	861	122	3142	2684
2:36:00	34.0	2391	151	47	40	1831	1055	3433	2581	22	28	2355	1899	4713	4700	1237	1427	724	1559	2420	2214	1167	351	34	38	15	2504	1505	2337	3265	2837	2196	2913	1357	2272	870	120	3212	2761
2:39:00	33.9	2428	144	42	47	1873	1069	3407	2554	19	21	2389	1903	4682	4816	1282	1426	738	1595	2490	2277	1198	352	31	40	20	2532	1530	2400	3288	2926	2230	2926	1387	2367	895	119	3208	2801
2:42:00	34.0	2478	153	43	39	1893	1078	3414	2611	22	25	2415	1924	4779	4867	1289	1491	757	1620	2510	2340	1187	337	36	38	13	2531	1524	2384	3387	2959	2252	2947	1409	2391	913	127	3335	2776
2:45:00	34.0	2480	148	43	40	1874	1099	3547	2663	23	24	2473	1965	4772	5047	1321	1490	759	1661	2574	2330	1223	354	37	30	18	2557	1527	2446	3411	3027	2318	3055	1436	2428	931	125	3382	2896
2:48:00	34.0	2485	149	45	35	1909	1106	3480	2685	19	24	2487	1971	4845	5000	1315	1525	789	1644	2603	2356	1243	373	34	39	19	2651	1547	2438	3457	3021	2330	3044	1432	2450	939	125	3489	2990
2:51:00	34.0	2550	152	44	39	1953	1137	3568	2721	23	28	2551	2053	4896	5070	1348	1535	781	1694	2662	2382	1274	361	39	40	21	2624	1574	2476	3497	3141	2368	3180	1482	2484	941	123	3486	3028
2:54:00	34.0	2546	150	41	44	1989	1118	3598	2766	26	27	2602	2078	5014	5151	1350	1549	805	1653	2627	2358	1252	366	35	39	12	2699	1619	2552	3534	3210	2412	3188	1469	2487	958	130	3535	3054
2:57:00	34.0	2588	151	43	41	2027	1129	3661	2778	25	22	2602	2092	5027	5238	1366	1563	809	1703	2702	2471	1288	369	38	45	25	2705	1599	2563	3648	3211	2435	3246	1503	2516	970	128	3621	3089
3:00:00	34.0	2632	159	49	31	2005	1125	3624	2782	29	18	2607	2108	5046	5260	1377	1582	839	1726	2720	2515	1306	362	34	45	14	2761	1624	2535	3697	3261	2481	3268	1545	2551	985	131	3604	3109
3:03:00	34.0	2619	157	39	48	2023	1165	3789	2812	16	26	2600	2123	5045	5237	1401	1614	834	1748	2749	2531	1306	372	38	41	17	2759	1658	2569	3705	3286	2494	3309	1511	2590	979	138	3687	3192
0:00:00																																							
0:00:00																																							
0:00:00																																							
0:00:00																																							
0:00:00																																							
0:00:00																																							
0:00:00																																							
0:00:00																																							
0:00:00																																							
0:00:00																																							
0:00:00																																							
0:00:00																																							
0:00:00																																							
0:00:00																																							
0:00:00																																							
0:00:00																																							
0:00:00																																							
0:00:00																																							
0:00:00																																							
0:00:00																																							
0:00:00																																							
0:00:00																																							
0:00:00																																							
0:00:00																																							
0:00:00																																							
0:00:00																																							
0:00:00																																							
0:00:00																																							
0:00:00																																							
0:00:00																																							
0:00:00																																							
0:00:00																																							
0:00:00																																							
0:00:00																																							
0:00:00																																							
0:00:00																																							
0:00:00																																							
0:00:00																																							
0:00:00																																							
0:00:00																																							
0:00:00																																							
0:00:00																																							
0:00:00																																							
0:00:00																																							
0:00:00																																							
0:00:00																																							
0:00:00																																							
0:00:00																																							
0:00:00																																							
0:00:00																																							
0:00:00																																							
0:00:00																																							
0:00:00																																							
0:00:00																																							
0:00:00																																							
0:00:00																																							
0:00:00																																							
0:00:00																																							
0:00:00																																							
0:00:00																																							
0:00:00																																							
0:00:00																																							
0:00:00																																							
0:00:00																																							
0:00:00																																							
0:00:00																																							
0:00:00																																							
0:00:00																																							
0:00:00																																							
0:00:00																																							
0:00:00																																							
0:00:00																																							
0:00:00																																							
0:00:00																																							
0:00:00																																							
0:00:00																																							
0:00:00																																							
0:00:00																																							
0:00:00																																							
0:00:00																																							
0:00:00																																							
0:00:00																																							
0:00:00																																							
0:00:00																																							
0:00:00																																							
0:00:00																																							
0:00:00																																							
0:00:00																																							
0:00:00																																							
0:00:00																																							
0:00:00																																							
0:00:00																																							
0:00:00																																							
0:00:00																																							
0:00:00																																							
0:00:00																																							
0:00:00																																							
0:00:00																																							
0:00:00																																							
0:00:00																																							
0:00:00																																							
0:00:00																																							
0:00:00																																							
0:00:00																																							
0:00:00																																							
0:00:00																																							
0:00:00																																							
0:00:00																																							
0:00:00																																							
0:00:00																																							
0:00:00																																							
0:00:00																																							
0:00:00																																							
0:00:00																																							
0:00:00																																							
0:00:00																																							
0:00:00																																							
0:00:00																																							
0:00:00																																							
0:00:00																																							
0:00:00																																							
0:00:00																																							
0:00:00																																							
0:00:00																																							
0:00:00																																							
0:00:00																																							
0:00:00																																							
0:00:00																																							
0:00:00																																							
0:00:00																																							
0:00:00																																							
0:00:00																																							
0:00:00																																							
0:00:00																																							
0:00:00																																							
0:00:00																																							
0:00:00																																							
0:00:00																																							
0:00:00																																							
0:00:00																																							
0:00:00																																							
0:00:00																																							
0:00:00																																							
0:00:00																																							
0:00:00																																							
0:00:00																																							
0:00:00																																							
0:00:00																																							
0:00:00																																							
0:00:00																																							
0:00:00																																							
0:00:00																																							
0:00:00																																							
0:00:00																																							
0:00:00																																							
0:00:00																																							
0:00:00																																							
0:00:00																																							
0:00:00																																							
0:00:00																																							
0:00:00																																							
0:00:00																																							
0:00:00																																							
0:00:00																																							
0:00:00																																							
0:00:00																																							
0:00:00																																							
0:00:00																																							
0:00:00																																							
0:00:00																																							
0:00:00																																							
0:00:00																																							
0:00:00																																							
0:00:00																																							
0:00:00																																							
0:00:00																																							
0:00:00																																							
0:00:00																																							
0:00:00																																							
0:00:00																																							
0:00:00																																							
0:00:00																																							
0:00:00																																							
0:00:00																																							
0:00:00																																							
0:00:00																																							
0:00:00																																							
0:00:00																																							
0:00:00																																							
0:00:00																																							
0:00:00																																							
0:00:00																																							
0:00:00																																							
0:00:00																																							
0:00:00																																							
0:00:00																																							
0:00:00																																							
0:00:00																																							
0:00:00																																							
0:00:00																																							
0:00:00																																							
0:00:00																																							
0:00:00																																							
0:00:00																																							
0:00:00																																							
0:00:00																																							
0:00:00																																							
0:00:00																																							
0:00:00																																							
0:00:00																																							
0:00:00																																							
0:00:00																																							
0:00:00																																							
0:00:00																																							
0:00:00																																							
0:00:00																																							
0:00:00																																							
0:00:00																																							
0:00:00																																							
0:00:00																																							
0:00:00																																							
0:00:00																																							
0:00:00																																							
0:00:00																																							
0:00:00																																							
0:00:00																																							
0:00:00																																							
0:00:00																																							
0:00:00																																							
0:00:00																																							
0:00:00																																							
0:00:00																																							
0:00:00																																							
0:00:00																																							
0:00:00																																							
0:00:00																																							
0:00:00																																							
0:00:00																																							
0:00:00																																							
0:00:00																																							
0:00:00																																							
0:00:00																																							
0:00:00																																							
0:00:00																																							
0:00:00																																							
0:00:00																																							
0:00:00																																							
0:00:00																																							
0:00:00																																							
0:00:00																																							
0:00:00																																							
0:00:00																																							
0:00:00																																							
0:00:00																																							
0:00:00																																							
0:00:00																																							
0:00:00																																							
0:00:00																																							
0:00:00																																							
0:00:00																																							
0:00:00																																							
0:00:00																																							
0:00:00																																							
0:00:00																																							
0:00:00																																							
0:00:00																																							
0:00:00																																							
0:00:00																																							
0:00:00																																							
0:00:00																																							
0:00:00																																							
0:00:00																																							
0:00:00																																							
0:00:00																																							
0:00:00																																							
0:00:00																																							
0:00:00																																							
0:00:00																																							
0:00:00																																							
0:00:00																																							
0:00:00																																							
0:00:00																																							
0:00:00																																							
0:00:00																																							
0:00:00																																							
0:00:00																																							
0:00:00																																							
0:00:00																																							
0:00:00																																							
0:00:00																																							
0:00:00																																							
0:00:00																																							
0:00:00																																							
0:00:00																																							
0:00:00																																							
0:00:00																																							
0:00:00																																							
0:00:00																																							
0:00:00																																							
0:00:00																																							
0:00:00																																							
0:00:00																																							
0:00:00																																							
0:00:00																																							
0:00:00																																							
0:00:00																																							
0:00:00																																							
0:00:00																																							
0:00:00																																							
0:00:00																																							
0:00:00																																							
0:00:00																																							
0:00:00																																							
0:00:00																																							
0:00:00																																							
0:00:00																																							
0:00:00																																							
0:00:00																																							
0:00:00																																							
0:00:00																																							
0:00:00																																							
0:00:00																																							
0:00:00																																							
0:00:00																																							
0:00:00																																							
0:00:00																																							
0:00:00																																							
0:00:00																																							
0:00:00																																							
0:00:00																																							
0:00:00																																							
0:00:00																																							
0:00:00																																							
0:00:00																																							
0:00:00																																							
0:00:00																																							
0:00:00																																							
0:00:00																																							
0:00:00																																							
0:00:00																																							
0:00:00																																							
0:00:00																																							
0:00:00																																							
0:00:00																																							
0:00:00																																							
0:00:00																																							
0:00:00																																							
0:00:00																																							
0:00:00																																							
0:00:00																																							
0:00:00																																							
0:00:00																																							
0:00:00																																							
0:00:00																																							
0:00:00																																							
0:00:00																																							
0:00:00																																							
0:00:00																																							
0:00:00																																							
0:00:00																																							
0:00:00																																							
0:00:00																																							
0:00:00																																							
0:00:00																																							
0:00:00																																							
0:00:00																																							
0:00:00																																							
0:00:00																																							
0:00:00																																							
0:00:00																																							
0:00:00																																							
0:00:00																																							
0:00:00																																							
0:00:00																																							
0:00:00																																							
0:00:00																																							
0:00:00																																							
0:00:00																																							
0:00:00																																							
0:00:00																																							
0:00:00																																							
0:00:00																																							
0:00:00																																							
0:00:00																																							
0:00:00																																							
0:00:00																																							
0:00:00																																							
0:00:00																																							
0:00:00																																							
0:00:00																																							
0:00:00																																							
0:00:00																																							
0:00:00																																							
0:00:00																																							
0:00:00																																							
0:00:00																																							
0:00:00																																							
0:00:00																																							
0:00:00																																							
0:00:00																																							
0:00:00																																							
0:00:00																																							
0:00:00																																							
0:00:00																																							
0:00:00																																							
0:00:00																																							
0:00:00																																							
0:00:00																																							
0:00:00																																							
0:00:00																																							
0:00:00																																							
0:00:00																																							
0:00:00																																							
0:00:00																																							
0:00:00																																							
0:00:00																																							
0:00:00																																							
0:00:00																																							
0:00:00																																							

gfp:485,515[2]

Time	T° gfp:485,515[2]	A6	A7	A8	A9	B6	B7	B8	B9	C6	C7	C8	C9	D6	D7	D8	D9	E6	E7	G6	G7	G8	G9	G10	G11	H6	H7	H8	H9	I6	I7	I8	I9	J6	J7	J8	J9	K6	K7
0:00:36	30.1	1064	1580	1639	971	842	1097	1135	1346	1776	1864	862	1016	1049	1081	1994	1759	1124	1688	1332	1276	1660	1879	1731	1754	634	2030	1844	1898	1397	1380	1475	923	1183	1758	839	994	1101	843
0:03:36	33.3	1366	1512	1542	974	914	1090	1338	1636	1684	1902	830	859	1028	1378	1896	1788	1430	1557	1800	1397	1562	1759	1562	1553	659	1968	1709	1856	1488	1612	1546	1181	1252	1822	742	990	1283	954
0:06:36	34.0	1850	1442	1378	1034	1055	1156	1620	1730	1649	1787	921	791	1452	2236	1885	1772	1437	1571	1991	1495	1451	1239	932	805	647	1662	1073	1441	1771	1764	1530	1449	1179	1928	863	981	1503	1338
0:09:36	34.0	2364	1355	1007	940	1296	1166	2030	1970	1619	1750	1596	978	2598	3443	1801	1746	1352	1592	2429	1784	1470	1342	634	764	622	1171	1079	1372	2224	2206	1639	1826	1247	2335	942	919	1926	1574
0:12:36	34.0	3318	1065	584	866	1483	1198	2894	2838	1592	1651	2382	1640	4602	5486	2110	2072	1344	1792	3207	2273	1591	1458	899	977	646	2067	1670	2488	3155	3260	2025	2850	1581	3151	1195	872	2687	2257
0:15:36	34.0	4803	575	629	822	1845	1416	4283	3926	1470	1647	3373	2467	7555	8606	2547	2562	1467	2164	4639	3342	1955	1508	908	987	662	3375	2422	3717	4628	4753	2799	4105	2190	4488	1537	928	3870	3081
0:18:36	34.1	6504	761	691	786	2412	1688	6105	5463	1407	1560	5232	3565	11457	12775	3157	3170	1637	2721	6091	4590	2561	1807	839	973	630	5153	3509	5707	6539	6695	3868	6056	3188	6081	2132	913	5358	4525
0:21:36	34.0	8849	917	643	843	3252	2193	8071	7347	1394	1457	7135	4804	16052	16966	3756	4016	1877	3506	8142	6296	3360	1969	819	917	661	7432	4646	7854	8901	9224	5217	8002	4077	8308	2768	970	7102	6132
0:24:36	34.0	10977	1020	625	791	4285	2658	10755	9478	1210	1461	9434	6326	20566	21748	4451	4894	2219	4298	10303	8315	4378	2357	808	852	594	9700	5869	10023	11728	11915	6700	10466	5330	10500	3733	1003	9331	8074
0:27:36	34.0	13580	1208	660	769	5483	3274	13323	11880	1066	1236	11344	8125	25774	27201	5160	5923	2626	5315	12488	10195	5250	2707	727	818	612	11987	7431	12377	14123	14471	8293	12699	6709	12848	4538	1068	11289	9880
0:30:36	34.0	15973	1334	693	815	6523	3982	16002	14426	929	1033	14219	9673	30792	31894	6159	7021	2999	6309	14861	12184	6179	3054	745	828	621	14306	9137	15053	16688	16948	10206	15326	8139	14751	5528	1170	14026	12252
0:33:36	34.0	18277	1481	677	811	7807	4708	18927	16340	851	913	16642	11593	35855	38106	6921	8010	3697	7779	16936	14401	7361	3485	696	802	644	16754	10654	17054	19968	19586	11891	17831	9472	17338	6336	1216	15792	14332
0:36:36	34.0	20446	1660	729	884	9403	5419	21486	19245	739	826	19047	13245	40613	43205	7884	9232	4314	9071	19676	16762	8297	3784	684	809	590	19327	11915	19484	23007	22364	13728	20229	10933	19116	7373	1298	18272	16240
0:39:36	34.0	22879	1832	727	846	10759	6250	24651	21517	702	853	21738	15293	45042	48521	8756	10214	4668	10445	21790	19022	9369	4332	719	794	642	21672	13386	22006	25697	24763	15535	23100	12175	21964	8208	1443	21280	18650
0:42:36	34.0	24896	1984	745	846	12303	7190	27713	24008	723	815	24106	17110	50649	53344	9675	11150	5438	11762	23967	20760	10916	4756	719	821	563	24236	15024	24516	28154	27537	17989	25385	13375	23536	9465	1479	23399	20817
0:45:36	34.0	27328	2161	770	899	13968	7960	30821	26692	766	878	26606	19222	54586	57778	10493	12322	6083	13442	26092	23287	11762	5024	737	822	590	26598	16412	26710	30695	29785	19776	27812	14421	25430	9980	1609	26548	23214
0:48:36	34.0	28881	2407	820	858	15928	8964	34002	28330	649	823	29016	20878	58190	62551	11767	13260	6535	14901	28500	25325	12878	5496	741	876	587	28894	18241	28945	34738	32029	21332	30815	15866	27820	10978	1664	29112	26118
0:51:36	34.0	31968	2534	828	882	17074	9606	36435	30534	662	902	30562	22636	64207	65609	12781	14426	7096	16763	29994	27085	13772	5738	695	859	598	30576	19063	30986	36617	34575	23217	32279	17117	29912	12061	1760	31600	27972
0:54:36	34.0	33705	2748	857	937	18512	10398	39460	32501	685	834	33143	24151	68059	70675	13572	15072	7401	18033	32846	29051	14699	6148	773	864	645	32012	20665	33236	39702	36404	25292	35103	17911	31714	12966	1871	34324	29315
0:57:36	34.0	35976	2905	889	938	20469	11597	41572	35395	676	935	34953	26219	71578	73762	14478	16855	7987	19772	34384	30402	16138	6569	769	860	596	34762	21953	34823	41933	39102	27184	37266	19195	32932	13858	2001	36427	31244
1:00:36	34.0	37469	3033	929	954	21610	12395	45095	36878	743	939	36618	27985	76060	77350	15623	17490	9122	21381	37008	32538	16745	6996	763	906	580	36399	23644	37585	43825	40721	29249	40200	20306	34817	14454	2005	38394	33977
1:03:36	34.0	39422	3174	1004	997	23588	13607	47222	38687	702	912	38897	29139	80886	81590	16740	18267	9704	22680	38322	34861	17689	7288	776	873	603	39694	24708	38991	46755	41857	30885	42494	20930	36589	15271	2144	41185	36012
1:06:36	34.0	40955	3264	989	994	24962	14676	51381	40302	760	965	41314	30751	84658	86732	17808	19725	10066	24361	40206	37123	19361	7686	763	937	631	41572	25702	40642	48234	44944	32375	44460	22335	38633	16090	2254	42891	37926
1:09:36	34.0	42669	3385	1006	1013	26669	15459	53510	43716	769	896	43190	33161	88376	89980	19155	20875	10781	26180	43799	38164	19995	7842	835	955	635	42913	27248	42857	50314	46783	34027	46450	22942	39833	16798	2247	45576	40431
1:12:36	34.0	45255	3445	1054	1116	28508	16065	57088	45629	768	867	45225	34439	90768	93530	19910	22129	11096	27830	43694	40466	21127	8464	799	978	604	45543	27791	44938	53341	50033	36526	48182	24119	41696	17416	2384	47294	41699
1:15:36	34.0	46753	3661	1084	1030	30127	17236	60122	47853	752	892	46870	35005	93624	96151	21186	23027	11789	28729	46389	41633	21285	8523	855	914	596	48754	29527	46042	56069	52342	38434	50982	25019	44033	17892	2373	50086	43484
1:18:36	34.0	48020	3642	1077	1073	31909	18239	62033	50068	750	858	48945	37219	97647	96711	22542	24235	12148	29806	47361	43120	22855	8795	887	1009	589	49545	30510	48663	59255	53018	40010	52764	25773	45625	18689	2554	53452	45595
1:21:36	34.0	50074	3732	1078	1095	33018	19188	65574	52006	723	859	50150	38574	OVRFLW	OVRFLW	23776	25534	12608	32074	50130	45306	23298	8970	861	983	601	51003	31915	50194	61127	55195	40556	54584	26841	46919	19038	2616	56108	47060
1:24:36	34.0	51583	3898	1108	1133	35408	19815	69259	54655	755	832	52641	39387	OVRFLW	OVRFLW	24579	26362	13225	33161	50773	47251	24650	9551	878	1056	575	52429	33405	50440	63817	57999	43597	57080	27762	48714	19839	2587	59324	48700
1:27:36	34.0	53497	4100	1206	1138	36568	20710	71633	56100	785	854	54558	40902	OVRFLW	OVRFLW	26010	27646	13897	34459	52628	47838	25700	9685	882	994	593	54037	34051	52204	66005	59280	44846	58484	28697	51235	20494	2670	60347	51478
1:30:36	34.0	55807	4090	1170	1193	37523	21759	74516	57239	763	859	55257	42908	OVRFLW	OVRFLW	26963	28605	14296	36018	55385	49478	26116	9842	912	1007	613	56011	34753	54381	67557	62217	46392	61392	29557	52543	21234	2724	63302	54801
1:33:36	34.0	56694	4022	1199	1170	39468	22335	77766	60012	703	876	58010	43944	OVRFLW	OVRFLW	28126	29629	14909	36708	55989	52347	27472	9904	951	1035	618	58957	36408	56402	70724	64128	48608	61754	30496	54650	21781	2853	65748	56447
1:36:36	34.0	56328	4181	1214	1175	41014	23284	80666	61475	732	868	59311	44035	OVRFLW	OVRFLW	28605	30992	15526	37742	58001	52960	27707	10269	936	1049	604	59836	37243	57957	73281	67044	50336	64235	32145	55484	21879	2908	67393	57962
1:39:36	34.0	58965	4219	1192	1201	42028	24679	82918	63153	741	848	59793	46277	OVRFLW	OVRFLW	30079	31859	15738	39211	59479	54485	29042	10456	932	1058	582	61940	38172	59908	75803	68637	51902	66264	32736	57163	22090	3007	70798	60010
1:42:36	34.0	61985	4321	1230	1231	43485	25753	85479	65861	728	860	63071	46017	OVRFLW	OVRFLW	31246	33226	16803	40286	61841	54637	29497	10736	978	1087	619	64969	39342	61532	78593	70303	53474	68693	33525	59009	23110	3006	73950	62279
1:45:36	34.0	62883	4387	1210	1154	44603	26496	88442	67992	715	848	64366	48422	OVRFLW	OVRFLW	31641	34677	16713	41580	64364	58032	30949	10806	997	1096	590	65573	40116	62792	79809	72041	55953	70613	34876	59633	23386	3124	76267	64466
1:48:36	34.0	65402	4427	1249	1325	46469	27257	90895	70233	694	868	65445	49822	OVRFLW	OVRFLW	33299	35462	17695	42237	65263	59105	31342	10875	980	1099	639	66231	41561	64808	84355	74684	56780	72776	36079	62275	23960	3267	79009	66243
1:51:36	34.0	65696	4654	1344	1244	48375	28365	92540	71141	689	882	67104	51532	OVRFLW	OVRFLW	33592	36689	18022	44047	66936	61524	32344	11282	1071	1134	571	67885	42053	65717	85342	75693	58337	75467	36504	64089	25049	3355	79869	68518
1:54:36	34.0	68292	4569	1231	1233	48257	28606	94556	72781	709	832	68835	52240	OVRFLW	OVRFLW	35005	37740	18834	44197	67892	61738	33012	11236	1027	1110	624	70884	42064	68671	88689	79120	60045	76701	37576	64321	25713	3333	84175	69596
1:57:36	34.0	68772	4639	1310	1337	50507	29311	98447	76280	702	889	69916	53731	OVRFLW	OVRFLW	35757	38408	19386	45153	69333	63780	34023	11301	1046	1193	581	70770	44497	69841	90323	81529	60409	79711	38245	67005	25385	3464	86455	71693
2:00:36	34.0	71083	4736	1312	1300	51467	30487	99873	77126	734	846	71133	54595	OVRFLW	OVRFLW	36894	39353	19831	45792	71532	65458	34826	11737	982	1200	622	72919	44858	70410	93294	82342	61822	81143	38559	68743	26089	3571	88268	74911
2:03:36	34.0	72744	4725	1413	1310	53235	31317	OVRFLW	77295	751	850	72387	55572	OVRFLW	OVRFLW	37894	41017	20221	48041	72006	67627	34897	11652	1064	1185	606	75008	45328	70966	95188	84214	64388	84224	40297	69192	26576	3627	92000	78797
2:06:36	34.0	74689	4666	1376	1298	53966	31617	OVRFLW	80702	729	805	74312	56851	OVRFLW	OVRFLW	38392	42184	20886	48051	73722	67529	36073	11717	1029	1216	592	77395	47155	73336	97510	85473	67416	85939	40695	71541	27293	3770	92156	79751
2:09:36	34.0	75544	4768	1340	1339	55781	32659	OVRFLW	82177	763	867	74716	58729	OVRFLW	OVRFLW	39687	43064	21800	48237	76330	69749	36946	11839	1092	1184	619	79098	47652	74856	OVRFLW	88222	68165	86554	42027	72434	27575	3719	95580	79693
2:12:36	34.0	76143	4975	1438	1335	57075	32742	OVRFLW	82904	752	857	76314	59142	OVRFLW	OVRFLW	40028	43062	22346	49485	76677	70917	37199	11743	1126	1174	618	79375	48200	75864	OVRFLW	91384	69132	91176	43369	75163	28519	3761	98402	81651
2:15:36	34.0	78233	4876	1412	1396	58419	33922	OVRFLW	85016	757	883	79109	60284	OVRFLW	OVRFLW	40131	45041	22226	50833	79163	72419	38313	12024	1054	1278	610	82416	48699	76546	OVRFLW	90223	70577	91447	43949	76016	29085	3812	OVRFLW	85344
2:18:36	34.0	80351	4942	1430	1391	59492	35395	OVRFLW	85000	741	891	79156	60474	OVRFLW	OVRFLW	40840	44971	22952	50667	80211	73715	39380	12193	1134	1284	600	82454	50800	78622	OVRFLW	93879	72162	92825	44349	75843	29271	3986	OVRFLW	87622
2:21:36	34.0	79763	4986	1448	1360	60629	34142	OVRFLW	86051	754	816	79948	62947	OVRFLW	OVRFLW	42383	46352	23600	51703	81646	74690	39858	12392	1148	1280	606	82472	49857	79553	OVRFLW	95362	73205	96975	45658	77814	30080	3830	OVRFLW	88557
2:24:36	34.0	81178	5208	1497	1430	62316	36171	OVRFLW	89467	753	891	79746	63630	OVRFLW	OVRFLW	42560	48258	24096	53150	84246	75714	40496	12313	1107	1327	616	85487	51178	80507	OVRFLW	97782	75422	96923	46320	79471	30502	4133	OVRFLW	91611
2:27:36	34.0	82356	5054	1438	1421	63169	36016	OVRFLW	88840	791	873	81748	64627	OVRFLW	OVRFLW	43483	48495	24573	53341	84763	77550	39698	12412	1146	1273	599	87204	51117	79801	OVRFLW	98247	74296	99393	46137	79696	30611	4019	OVRFLW	93089
2:30:36	34.0	83732	5110	1450	1428	63208	36773	OVRFLW	89800	785	904	81298	66492	OVRFLW	OVRFLW	44522	48864	25382	53471	86450	77968	41601	12808	1123	1352	624	87798	52268	82062	OVRFLW	OVRFLW	77725	OVRFLW	47155	81997	31169	4308	OVRFLW	93287
2:33:36	34.0	85110	5210	1492	1445	65150	36973	OVRFLW	90643	789	917	83667	67878	OVRFLW	OVRFLW	44625	49828	25417	54867	87218	80134	42012	12454	1162	1311	635	88975	52891	84319	OVRFLW	OVRFLW	78417	OVRFLW	48920	82271	31450	4233	OVRFLW	97379
2:36:36	34.0	86156	5172	1534	1451	65693	37749	OVRFLW	93780	781	911	85721	68204	OVRFLW	OVRFLW	44397	51357	25715	56704	89690	82376	42594	12833	1206	1300	589	90070	53690	85938	OVRFLW	OVRFLW	80860	OVRFLW	49310	82745	31371	4162	OVRFLW	96613
2:39:36	33.9	87236	5404	1503	1508	66449	38405	OVRFLW	93813	830	894	88534	70000	OVRFLW	OVRFLW	45491	52930	26891	57474	89440	82841	42897	13003	1220	1396	603	91947	55061	85790	OVRFLW	OVRFLW	80989	OVRFLW	50357	84598	32191	4469	OVRFLW	99950
2:42:36	34.0	88529	5240	1520	1519	66828	39197	OVRFLW	94074	809	895	86939	70343	OVRFLW	OVRFLW	47242	52671	26372	57302	90023	82485	44104	12894	1264	1331	595	93332	54984	86351	OVRFLW	OVRFLW	81568	OVRFLW	51031	84017	32390	4426	OVRFLW	OVRFLW
2:45:36	34.0	89615	5346	1576	1436	67977	39084	OVRFLW	95022	793	937	89272	71469	OVRFLW	OVRFLW	47563	54117	27497	58334	91948	84915	43739	12780	1206	1391	589	95382	55853	88414	OVRFLW	OVRFLW	82387	OVRFLW	51487	86879	33122	4374	OVRFLW	OVRFLW
2:48:36	34.0	91007	5537	1519	1496	69495	40234	OVRFLW	97254	839	885	90692	73202	OVRFLW	OVRFLW	48275	53908	28023	59094	92936	84471	44502	13043	1274	1432	599	94586	57007	90190	OVRFLW	OVRFLW	86081	OVRFLW	51727	85843	33457	4540	OVRFLW	OVRFLW
2:51:36	34.0	92427	5366	1639	1444	68911	40506	OVRFLW	97915	845	882	92831	73002	OVRFLW	OVRFLW	47815	54682	28425	60499	96760	88654	45764	12643	1331	1424	614	95572	56949	88921	OVRFLW	OVRFLW	86040	OVRFLW	52345	89651	33943	4468	OVRFLW	OVRFLW
2:54:36	34.0	93628	5794	1594	1507	71095	40191	OVRFLW	99218	788	937	92335	75025	OVRFLW	OVRFLW	48529	57242	28984	60502	96573	88113	45415	13223	1254	1458	613	96487	57921	91240	OVRFLW	OVRFLW	86224	OVRFLW	53410	88888	34222	4638	OVRFLW	OVRFLW
2:57:36	34.0	94367	5620	1551	1603	72312	41029	OVRFLW	OVRFLW	847	867	92129	75986	OVRFLW	OVRFLW	50030	56812	29439	60491	96686	89423	46462	13244	1381	1502	585	97868	58342	91251	OVRFLW	OVRFLW	89275	OVRFLW	54581	91155	34794	4651	OVRFLW	OVRFLW
3:00:36	34.0	92656	5623	1631	1587	72654	41841	OVRFLW	OVRFLW	878	904	93735	75518	OVRFLW	OVRFLW	50693	57760	29721	61633	97493	90757	46663	13423	1405	1477	632	97735	59007	92784	OVRFLW	OVRFLW	89133	OVRFLW	55246	91885	35461	4708	OVRFLW	OVRFLW
3:03:36	34.0	94538	5761	1720	1520	73439	42067	OVRFLW	OVRFLW	873	886	96046	77885	OVRFLW	OVRFLW	50575	56940	30333	62379	98878	92483	47135	13211	1380	1605	615	99670	58604	93319	OVRFLW	OVRFLW	90498	OVRFLW	55891	91982	35330	4856	OVRFLW	OVRFLW
0:00:00																																							
0:00:00																																							
0:00:00																																							
0:00:00																																							
0:00:00																																							
0:00:00																																							
0:00:00																																							
0:00:00																																							
0:00:00																																							
0:00:00																																							
0:00:00																																							
0:00:00																																							
0:00:00																																							
0:00:00																																							
0:00:00																																							
0:00:00																																							
0:00:00																																							
0:00:00																																							
0:00:00																																							
0:00:00																																							
0:00:00																																							
0:00:00																																							
0:00:00																																							
0:00:00																																							
0:00:00																																							
0:00:00																																							
0:00:00																																							
0:00:00																																							
0:00:00																																							
0:00:00																																							
0:00:00																																							
0:00:00																																							
0:00:00																																							
0:00:00																																							
0:00:00																																							
0:00:00																																							
0:00:00																																							
0:00:00																																							
0:00:00																																							
0:00:00																																							
0:00:00																																							
0:00:00																																							
0:00:00																																							
0:00:00																																							
0:00:00																																							
0:00:00																																							
0:00:00																																							
0:00:00																																							
0:00:00																																							
0:00:00																																							
0:00:00																																							
0:00:00																																							
0:00:00																																							
0:00:00																																							
0:00:00																																							
0:00:00																																							
0:00:00																																							
0:00:00																																							
0:00:00																																							
0:00:00																																							
0:00:00																																							
0:00:00																																							
0:00:00																																							
0:00:00																																							
0:00:00																																							
0:00:00																																							
0:00:00																																							
0:00:00																																							
0:00:00																																							
0:00:00																																							
0:00:00																																							
0:00:00																																							
0:00:00																																							
0:00:00																																							
0:00:00																																							
0:00:00																																							
0:00:00																																							
0:00:00																																							
0:00:00																																							
0:00:00																																							
0:00:00																																							
0:00:00																																							
0:00:00																																							
0:00:00																																							
0:00:00																																							
0:00:00																																							
0:00:00																																							
0:00:00																																							
0:00:00																																							
0:00:00																																							
0:00:00																																							
0:00:00																																							
0:00:00																																							
0:00:00																																							
0:00:00																																							
0:00:00																																							
0:00:00																																							
0:00:00																																							
0:00:00																																							
0:00:00																																							
0:00:00																																							
0:00:00																																							
0:00:00																																							
0:00:00																																							
0:00:00																																							
0:00:00																																							
0:00:00																																							
0:00:00																																							
0:00:00																																							
0:00:00																																							
0:00:00																																							
0:00:00																																							
0:00:00																																							
0:00:00																																							
0:00:00																																							
0:00:00																																							
0:00:00																																							
0:00:00																																							
0:00:00																																							
0:00:00																																							
0:00:00																																							
0:00:00																																							
0:00:00																																							
0:00:00																																							
0:00:00																																							
0:00:00																																							
0:00:00																																							
0:00:00																																							
0:00:00																																							
0:00:00																																							
0:00:00																																							
0:00:00																																							
0:00:00																																							
0:00:00																																							
0:00:00																																							
0:00:00																																							
0:00:00																																							
0:00:00																																							
0:00:00																																							
0:00:00																																							
0:00:00																																							
0:00:00																																							
0:00:00																																							
0:00:00																																							
0:00:00																																							
0:00:00																																							
0:00:00																																							
0:00:00																																							
0:00:00																																							
0:00:00																																							
0:00:00																																							
0:00:00																																							
0:00:00																																							
0:00:00																																							
0:00:00																																							
0:00:00																																							
0:00:00																																							
0:00:00																																							
0:00:00																																							
0:00:00																																							
0:00:00																																							
0:00:00																																							
0:00:00																																							
0:00:00																																							
0:00:00																																							
0:00:00																																							
0:00:00																																							
0:00:00																																							
0:00:00																																							
0:00:00																																							
0:00:00																																							
0:00:00																																							
0:00:00																																							
0:00:00																																							
0:00:00																																							
0:00:00																																							
0:00:00																																							
0:00:00																																							
0:00:00																																							
0:00:00																																							
0:00:00																																							
0:00:00																																							
0:00:00																																							
0:00:00																																							
0:00:00																																							
0:00:00																																							
0:00:00																																							
0:00:00																																							
0:00:00																																							
0:00:00																																							
0:00:00																																							
0:00:00																																							
0:00:00																																							
0:00:00																																							
0:00:00																																							
0:00:00																																							
0:00:00																																							
0:00:00																																							
0:00:00																																							
0:00:00																																							
0:00:00																																							
0:00:00																																							
0:00:00																																							
0:00:00																																							
0:00:00																																							
0:00:00																																							
0:00:00																																							
0:00:00																																							
0:00:00																																							
0:00:00																																							
0:00:00																																							
0:00:00																																							
0:00:00																																							
0:00:00																																							
0:00:00																																							
0:00:00																																							
0:00:00																																							
0:00:00																																							
0:00:00																																							
0:00:00																																							
0:00:00																																							
0:00:00																																							
0:00:00																																							
0:00:00																																							
0:00:00																																							
0:00:00																																							
0:00:00																																							
0:00:00																																							
0:00:00																																							
0:00:00																																							
0:00:00																																							
0:00:00																																							
0:00:00																																							
0:00:00																																							
0:00:00																																							
0:00:00																																							
0:00:00																																							
0:00:00																																							
0:00:00																																							
0:00:00																																							
0:00:00																																							
0:00:00																																							
0:00:00																																							
0:00:00																																							
0:00:00																																							
0:00:00																																							
0:00:00																																							
0:00:00																																							
0:00:00																																							
0:00:00																																							
0:00:00																																							
0:00:00																																							
0:00:00																																							
0:00:00																																							
0:00:00																																							
0:00:00																																							
0:00:00																																							
0:00:00																																							
0:00:00																																							
0:00:00																																							
0:00:00																																							
0:00:00																																							
0:00:00																																							
0:00:00																																							
0:00:00																																							
0:00:00																																							
0:00:00																																							
0:00:00																																							
0:00:00																																							
0:00:00																																							
0:00:00																																							
0:00:00																																							
0:00:00																																							
0:00:00																																							
0:00:00																																							
0:00:00																																							
0:00:00																																							
0:00:00																																							
0:00:00																																							
0:00:00																																							
0:00:00																																							
0:00:00																																							
0:00:00																																							
0:00:00																																							
0:00:00																																							
0:00:00																																							
0:00:00																																							
0:00:00																																							
0:00:00																																							
0:00:00																																							
0:00:00																																							
0:00:00																																							
0:00:00																																							
0:00:00																																							
0:00:00																																							
0:00:00																																							
0:00:00																																							
0:00:00																																							
0:00:00																																							
0:00:00																																							
0:00:00																																							
0:00:00																																							
0:00:00																																							
0:00:00																																							
0:00:00																																							
0:00:00																																							
0:00:00																																							
0:00:00																																							
0:00:00																																							
0:00:00																																							
0:00:00																																							
0:00:00																																							
0:00:00																																							
0:00:00																																							
0:00:00																																							
0:00:00																																							
0:00:00																																							
0:00:00																																							
0:00:00																																							
0:00:00																																							
0:00:00																																							
0:00:00																																							
0:00:00																																							
0:00:00																																							
0:00:00																																							
0:00:00																																							
0:00:00																																							
0:00:00																																							
0:00:00																																							
0:00:00																																							
0:00:00																																							
0:00:00																																							
0:00:00																																							
0:00:00																																							
0:00:00																																							
0:00:00																																							
0:00:00																																							
0:00:00																																							
0:00:00																																							
0:00:00																																							
0:00:00																																							
0:00:00																																							
0:00:00																																							
0:00:00																																							
0:00:00																																							
0:00:00																																							
0:00:00																																							
0:00:00																																							
0:00:00																																							
0:00:00																																							
0:00:00																																							
0:00:00																																							
0:00:00																																							
0:00:00																																							
0:00:00																																							
0:00:00																																							
0:00:00																																							
0:00:00																																							
0:00:00																																							
0:00:00																																							
0:00:00																																							
0:00:00																																							
0:00:00																																							
0:00:00																																							
0:00:00																																							
0:00:00																																							
0:00:00																																							
0:00:00																																							
0:00:00																																							
0:00:00																																							
0:00:00																																							
0:00:00																																							
0:00:00																																							
0:00:00																																							
0:00:00																																							
0:00:00																																							
0:00:00																																							
0:00:00																																							
0:00:00																																							
0:00:00																																							
0:00:00																																							
0:00:00																																							
0:00:00																																							
0:00:00																																							
0:00:00																																							
0:00:00																																							
0:00:00																																							
0:00:00																																							
0:00:00																																							
0:00:00																																							
0:00:00																																							
0:00:00																																							
0:00:00																																							
0:00:00																																							
0:00:00																																							
0:00:00																																							
0:00:00																																							
0:00:00																																							
0:00:00																																							
0:00:00																																							
0:00:00																																							
0:00:00																																							
0:00:00																																							
0:00:00																																							
0:00:00																																							
0:00:00																																							
0:00:00																																							
0:00:00																																							
0:00:00																																							
0:00:00																																							
0:00:00																																							
0:00:00																																							
0:00:00																																							
0:00:00																																							
0:00:00																																							
0:00:00																																							
0:00:00																																							
0:00:00																																							
0:00:00																																							

Results
	1	2	3	4	5	6	7	8	9	10	11	12	13	14	15	16	17	18	19	20	21	22	23	24
A						32000.000	7000.000	-6333.333	-8666.667																Max V [gfp:485,515]
						1.000	1.000	1.000	1.000																R-Squared [gfp:485,515]
						0:46:30	0:58:30	0:10:30	0:07:30																t at Max V [gfp:485,515]
						0:24:11	0:52:09	0:07:35	0:07:37																Lagtime [gfp:485,515]
						1029000.000	-163333.333	-141000.000	57000.000																Max V [gfp:485,515[2]]
						1.000	1.000	1.000	1.000																R-Squared [gfp:485,515[2]]
						0:50:06	0:14:06	0:11:06	1:47:06																t at Max V [gfp:485,515[2]]
						0:21:34	0:09:27	0:05:07	1:42:23																Lagtime [gfp:485,515[2]]
B						27666.667	16666.667	55000.000	33333.333																Max V [gfp:485,515]
						1.000	1.000	1.000	1.000																R-Squared [gfp:485,515]
						1:58:30	1:07:30	3:01:30	2:10:30																t at Max V [gfp:485,515]
						1:08:32	0:45:11	1:54:49	1:03:56																Lagtime [gfp:485,515]
						796666.667	676333.333	1386333.333	1166333.333																Max V [gfp:485,515[2]]
						1.000	1.000	1.000	1.000																R-Squared [gfp:485,515[2]]
						1:23:06	2:23:06	1:05:06	1:56:06																t at Max V [gfp:485,515[2]]
						0:41:13	1:32:44	0:30:21	0:53:21																Lagtime [gfp:485,515[2]]
C						5000.000	4666.667	31333.333	27333.333																Max V [gfp:485,515]
						1.000	1.000	1.000	1.000																R-Squared [gfp:485,515]
						1:16:30	1:19:30	2:22:30	2:49:30																t at Max V [gfp:485,515]
						1:20:36	1:27:51	1:13:19	1:37:15																Lagtime [gfp:485,515]
						-61333.333	-75000.000	1092666.667	824333.333																Max V [gfp:485,515[2]]
						1.000	1.000	1.000	1.000																R-Squared [gfp:485,515[2]]
						0:23:06	0:26:06	1:41:06	2:20:06																t at Max V [gfp:485,515[2]]
						0:15:22	0:19:14	0:45:40	1:06:28																Lagtime [gfp:485,515[2]]
D						77333.333	60000.000	18333.333	25000.000																Max V [gfp:485,515]
						1.000	1.000	1.000	1.000																R-Squared [gfp:485,515]
						2:34:30	2:43:30	2:13:30	2:28:30																t at Max V [gfp:485,515]
						1:35:27	1:21:25	1:16:38	1:36:34																Lagtime [gfp:485,515]
						2005666.667	2070666.667	583666.667	853333.333																Max V [gfp:485,515[2]]
						1.000	1.000	1.000	1.000																R-Squared [gfp:485,515[2]]
						0:50:06	0:32:06	2:41:06	2:53:06																t at Max V [gfp:485,515[2]]
						0:20:07	0:15:43	1:25:05	1:49:35																Lagtime [gfp:485,515[2]]
E						10333.333	29000.000																		Max V [gfp:485,515]
						1.000	1.000																		R-Squared [gfp:485,515]
						1:46:30	1:43:30																		t at Max V [gfp:485,515]
						1:04:45	1:06:54																		Lagtime [gfp:485,515]
						392000.000	756000.000																		Max V [gfp:485,515[2]]
						1.000	1.000																		R-Squared [gfp:485,515[2]]
						2:38:06	1:20:06																		t at Max V [gfp:485,515[2]]
						1:33:52	0:41:24																		Lagtime [gfp:485,515[2]]
F																									Max V [gfp:485,515]
																									R-Squared [gfp:485,515]
																									t at Max V [gfp:485,515]
																									Lagtime [gfp:485,515]
																									Max V [gfp:485,515[2]]
																									R-Squared [gfp:485,515[2]]
																									t at Max V [gfp:485,515[2]]
																									Lagtime [gfp:485,515[2]]
G						33000.000	37666.667	21333.333	6333.333	-6000.000	-8000.000														Max V [gfp:485,515]
						1.000	1.000	1.000	1.000	1.000	1.000														R-Squared [gfp:485,515]
						1:46:30	2:55:30	2:01:30	1:19:30	0:04:30	0:04:30														t at Max V [gfp:485,515]
						0:54:31	1:52:28	1:19:33	0:48:19	0:03:00	0:04:23														Lagtime [gfp:485,515]
						1274666.667	1394333.333	634333.333	207333.333	-210000.000	-249333.333														Max V [gfp:485,515[2]]
						1.000	1.000	1.000	1.000	1.000	1.000														R-Squared [gfp:485,515[2]]
						2:50:06	2:50:06	2:29:06	1:11:06	0:05:06	0:05:06														t at Max V [gfp:485,515[2]]
						1:36:44	1:48:56	1:27:38	0:40:50	0:02:48	0:02:48														Lagtime [gfp:485,515[2]]
H						4333.333	32333.333	20666.667	32666.667																Max V [gfp:485,515]
						1.000	1.000	1.000	1.000																R-Squared [gfp:485,515]
						2:55:30	1:46:30	1:22:30	1:28:30																t at Max V [gfp:485,515]
						2:55:09	0:52:20	0:42:03	0:44:54																Lagtime [gfp:485,515]
						-26333.333	1098333.333	811000.000	984666.667																Max V [gfp:485,515[2]]
						1.000	1.000	1.000	1.000																R-Squared [gfp:485,515[2]]
						0:41:06	1:02:06	1:56:06	1:53:06																t at Max V [gfp:485,515[2]]
						0:39:54	0:29:18	1:05:00	0:46:47																Lagtime [gfp:485,515[2]]
I						42666.667	40000.000	26666.667	45333.333																Max V [gfp:485,515]
						1.000	1.000	1.000	1.000																R-Squared [gfp:485,515]
						1:55:30	2:49:30	1:07:30	2:49:30																t at Max V [gfp:485,515]
						0:58:37	1:33:33	0:34:48	1:41:28																Lagtime [gfp:485,515]
						1515333.333	1218666.667	1231333.333	1540666.667																Max V [gfp:485,515[2]]
						1.000	1.000	1.000	1.000																R-Squared [gfp:485,515[2]]
						1:47:06	2:17:06	2:47:06	2:11:06																t at Max V [gfp:485,515[2]]
						0:53:51	1:02:42	1:39:53	1:14:01																Lagtime [gfp:485,515[2]]
J						17000.000	31666.667	17333.333	-4333.333																Max V [gfp:485,515]
						1.000	1.000	1.000	1.000																R-Squared [gfp:485,515]
						1:49:30	2:37:30	2:28:30	1:43:30																t at Max V [gfp:485,515]
						0:53:18	1:25:46	1:40:30	1:57:00																Lagtime [gfp:485,515]
						588333.333	1269333.333	419000.000	102333.333																Max V [gfp:485,515[2]]
						1.000	1.000	1.000	1.000																R-Squared [gfp:485,515[2]]
						2:32:06	2:50:06	0:41:06	2:38:06																t at Max V [gfp:485,515[2]]
						1:12:28	1:42:21	0:22:01	2:05:39																Lagtime [gfp:485,515[2]]
K						49333.333	40000.000																		Max V [gfp:485,515]
						1.000	1.000																		R-Squared [gfp:485,515]
						2:10:30	2:43:30																		t at Max V [gfp:485,515]
						1:16:35	1:33:18																		Lagtime [gfp:485,515]
						1435333.333	1364000.000																		Max V [gfp:485,515[2]]
						1.000	1.000																		R-Squared [gfp:485,515[2]]
						1:53:06	2:32:06																		t at Max V [gfp:485,515[2]]
						0:56:43	1:22:50																		Lagtime [gfp:485,515[2]]
L																									Max V [gfp:485,515]
																									R-Squared [gfp:485,515]
																									t at Max V [gfp:485,515]
																									Lagtime [gfp:485,515]
																									Max V [gfp:485,515[2]]
																									R-Squared [gfp:485,515[2]]
																									t at Max V [gfp:485,515[2]]
																									Lagtime [gfp:485,515[2]]
M																									Max V [gfp:485,515]
																									R-Squared [gfp:485,515]
																									t at Max V [gfp:485,515]
																									Lagtime [gfp:485,515]
																									Max V [gfp:485,515[2]]
																									R-Squared [gfp:485,515[2]]
																									t at Max V [gfp:485,515[2]]
																									Lagtime [gfp:485,515[2]]
N																									Max V [gfp:485,515]
																									R-Squared [gfp:485,515]
																									t at Max V [gfp:485,515]
																									Lagtime [gfp:485,515]
																									Max V [gfp:485,515[2]]
																									R-Squared [gfp:485,515[2]]
																									t at Max V [gfp:485,515[2]]
																									Lagtime [gfp:485,515[2]]
O																									Max V [gfp:485,515]
																									R-Squared [gfp:485,515]
																									t at Max V [gfp:485,515]
																									Lagtime [gfp:485,515]
																									Max V [gfp:485,515[2]]
																									R-Squared [gfp:485,515[2]]
																									t at Max V [gfp:485,515[2]]
																									Lagtime [gfp:485,515[2]]
P																									Max V [gfp:485,515]
																									R-Squared [gfp:485,515]
																									t at Max V [gfp:485,515]
																									Lagtime [gfp:485,515]
																									Max V [gfp:485,515[2]]
																									R-Squared [gfp:485,515[2]]
																									t at Max V [gfp:485,515[2]]
																									Lagtime [gfp:485,515[2]]

