

Software Version	3.04.17



Experiment File Path:	C:\Users\Biotek2\Box\biocircuits\Ankita\20201006_psigmax_28_day2.xpt
Protocol File Path:	C:\Users\Biotek2\Box\biocircuits\Miki.Yun\MY_ gfp_485_515_091117_ protocol.prt



Plate Number	Plate 1
Date	10/6/2020
Time	9:42:45 AM
Reader Type:	Synergy H1
Reader Serial Number:	271275
Reading Type	Reader

Procedure Details

Plate Type	384 WELL PLATE
Well Selection	Runtime
Eject plate on completion	
Set Temperature	Setpoint 29°C
	Preheat before moving to next step
Start Kinetic	Runtime 14:00:00 (HH:MM:SS), Interval 0:03:00, 281 Reads
    Read	gfp
	Fluorescence Endpoint
	Full Plate
	Filter Set 1
	    Excitation: 485,  Emission: 515
	    Optics: Bottom,  Gain: 61
	Filter Set 2
	    Excitation: 485,  Emission: 515
	    Optics: Bottom,  Gain: 100
	Light Source: Xenon Flash,  Lamp Energy: High
	Read Speed: Normal,  Delay: 100 msec,  Measurements/Data Point: 10
	Read Height: 9.5 mm
End Kinetic	

Layout
	1	2	3	4	5	6	7	8	9	10	11	12	13	14	15	16	17	18	19	20	21	22	23	24
A																									Well ID
B																									Well ID
C	SPL1	SPL2	SPL3	SPL4	SPL5																				Well ID
D																									Well ID
E																									Well ID
F																									Well ID
G																									Well ID
H																									Well ID
I																									Well ID
J																									Well ID
K																									Well ID
L																									Well ID
M																									Well ID
N																									Well ID
O																									Well ID
P																									Well ID

gfp:485,515

Time	T° gfp:485,515	C1	C2	C3	C4	C5
0:00:00	29.0	31	41	42	48	45
0:03:00	29.1	32	42	39	42	20
0:06:00	29.1	31	36	41	45	25
0:09:00	29.0	28	36	36	39	26
0:12:00	29.0	33	40	36	22	30
0:15:00	29.0	34	38	41	14	21
0:18:00	29.0	34	30	29	19	22
0:21:00	29.0	42	26	11	17	25
0:24:00	29.0	32	12	11	20	17
0:27:00	29.0	34	15	9	24	20
0:30:00	29.1	28	9	13	8	26
0:33:00	29.0	33	18	14	28	17
0:36:00	29.0	39	17	22	26	23
0:39:00	29.0	37	25	24	19	23
0:42:00	29.1	46	20	27	27	24
0:45:00	29.0	46	20	26	22	25
0:48:00	29.0	49	18	35	22	28
0:51:00	29.0	53	21	35	18	23
0:54:00	29.0	56	18	47	17	36
0:57:00	29.0	57	29	57	21	32
1:00:00	29.0	63	21	70	19	29
1:03:00	29.0	60	21	97	14	25
1:06:00	29.1	72	18	114	20	38
1:09:00	29.0	75	23	144	21	38
1:12:00	29.0	89	14	176	20	38
1:15:00	29.0	96	13	210	26	42
1:18:00	29.0	114	18	255	22	43
1:21:00	29.0	120	25	289	28	46
1:24:00	29.0	146	25	338	18	33
1:27:00	29.0	158	25	388	27	43
1:30:00	29.0	169	16	442	26	56
1:33:00	29.0	197	16	496	23	61
1:36:00	29.0	207	13	548	33	45
1:39:00	29.0	224	23	607	25	47
1:42:00	29.0	244	23	675	22	50
1:45:00	29.0	270	20	740	30	53
1:48:00	29.0	273	25	812	26	52
1:51:00	29.0	303	25	886	29	59
1:54:00	29.0	316	22	933	26	65
1:57:00	29.1	329	21	1029	20	69
2:00:00	29.0	348	32	1116	30	56
2:03:00	29.0	353	25	1154	22	60
2:06:00	29.0	381	18	1241	21	76
2:09:00	29.0	388	33	1314	29	66
2:12:00	29.0	412	25	1391	30	66
2:15:00	29.1	428	24	1460	26	73
2:18:00	29.0	447	27	1551	27	79
2:21:00	29.1	464	25	1612	35	74
2:24:00	29.0	490	25	1667	30	80
2:27:00	29.0	493	30	1759	29	75
2:30:00	29.0	526	17	1802	32	79
2:33:00	29.0	542	29	1884	22	84
2:36:00	29.0	555	27	1947	32	77
2:39:00	29.1	578	29	2034	34	73
2:42:00	29.0	586	29	2100	36	95
2:45:00	29.0	610	27	2194	27	88
2:48:00	29.0	629	25	2262	41	89
2:51:00	29.0	624	29	2318	39	82
2:54:00	29.0	674	29	2338	33	88
2:57:00	29.1	667	23	2438	37	97
3:00:00	29.1	685	30	2491	33	96
3:03:00	29.1	703	29	2554	32	95
3:06:00	29.1	719	27	2638	32	95
3:09:00	29.1	738	26	2761	40	102
3:12:00	29.1	741	23	2734	31	99
3:15:00	29.1	757	28	2757	33	98
3:18:00	29.1	788	29	2884	38	104
3:21:00	29.1	801	35	2928	38	107
3:24:00	29.1	811	33	2986	40	102
3:27:00	29.1	842	31	2993	24	111
3:30:00	29.0	843	38	3142	32	105
3:33:00	29.1	868	36	3194	43	108
3:36:00	29.0	887	31	3298	42	107
3:39:00	29.0	884	35	3323	36	123
3:42:00	29.1	898	35	3406	37	113
3:45:00	29.1	921	38	3401	34	122
3:48:00	29.1	938	42	3397	37	115
3:51:00	29.0	933	39	3489	40	130
3:54:00	29.1	975	33	3563	42	120
3:57:00	29.1	973	37	3625	42	125
4:00:00	29.1	986	32	3756	38	121
4:03:00	29.1	991	47	3783	38	127
4:06:00	29.1	1008	38	3808	42	125
4:09:00	29.1	1037	43	3890	48	142
4:12:00	29.1	1055	36	3926	40	128
4:15:00	29.1	1040	44	3983	41	129
4:18:00	29.1	1064	45	4071	41	129
4:21:00	29.1	1093	36	4003	32	129
4:24:00	29.1	1084	40	4078	46	134
4:27:00	29.0	1113	45	4171	40	140
4:30:00	29.1	1131	49	4238	42	146
4:33:00	29.1	1132	46	4306	41	140
4:36:00	29.1	1144	42	4202	41	141
4:39:00	29.1	1155	41	4310	43	150
4:42:00	29.1	1181	48	4391	44	138
4:45:00	29.1	1178	46	4523	42	146
4:48:00	29.0	1204	47	4437	49	151
4:51:00	29.0	1161	46	4536	47	147
4:54:00	29.1	1227	51	4624	46	150
4:57:00	29.1	1199	53	4653	45	161
5:00:00	29.1	1251	51	4688	47	149
5:03:00	29.0	1287	44	4727	49	160
5:06:00	29.1	1236	47	4749	43	154
5:09:00	29.1	1284	47	4784	36	152
5:12:00	29.1	1283	53	4854	44	160
5:15:00	29.1	1295	60	4908	51	160
5:18:00	29.1	1320	51	4948	51	160
5:21:00	29.1	1314	52	4963	52	159
5:24:00	29.1	1326	55	5034	45	162
5:27:00	29.1	1340	58	4966	49	165
5:30:00	29.1	1351	62	5140	54	168
5:33:00	29.1	1335	58	5072	49	161
5:36:00	29.1	1362	61	5137	50	170
5:39:00	29.1	1377	56	5210	50	172
5:42:00	29.1	1345	54	5148	49	168
5:45:00	29.0	1387	66	5218	51	168
5:48:00	29.0	1390	53	5273	56	167
5:51:00	29.0	1404	54	5203	56	172
5:54:00	29.0	1426	57	5347	55	170
5:57:00	29.0	1415	61	5441	51	169
6:00:00	29.0	1464	55	5429	54	171
6:03:00	29.0	1456	61	5370	51	172
6:06:00	29.0	1440	56	5364	47	180
6:09:00	29.0	1493	60	5429	51	174
6:12:00	29.0	1473	55	5536	52	185
6:15:00	29.0	1491	63	5510	58	175
6:18:00	29.0	1524	68	5606	54	186
6:21:00	29.0	1519	61	5606	57	185
6:24:00	29.0	1498	67	5556	53	175
6:27:00	29.0	1499	70	5747	53	185
6:30:00	29.0	1531	66	5669	45	183
6:33:00	29.0	1552	76	5671	56	193
6:36:00	29.0	1541	66	5648	59	191
6:39:00	29.0	1571	62	5702	61	180
6:42:00	29.0	1601	73	5724	58	189
6:45:00	29.0	1555	70	5682	50	179
6:48:00	29.0	1593	70	5776	51	191
6:51:00	29.0	1602	75	5898	55	193
6:54:00	29.0	1585	68	5818	63	187
6:57:00	29.0	1585	71	5839	60	195
7:00:00	29.0	1602	72	5863	54	193
7:03:00	29.0	1628	77	5773	56	190
7:06:00	29.0	1606	65	5805	58	196
7:09:00	29.0	1661	77	5822	56	203
7:12:00	29.0	1660	76	5989	57	199
7:15:00	29.0	1671	81	5794	57	200
7:18:00	29.1	1678	71	5856	53	204
7:21:00	29.0	1668	81	5874	62	199
7:24:00	29.0	1670	75	5913	65	202
7:27:00	29.0	1721	78	5936	60	202
7:30:00	29.0	1675	79	5977	61	200
7:33:00	29.0	1699	77	5947	66	206
7:36:00	29.0	1733	89	5930	54	191
7:39:00	29.0	1746	80	6062	61	200
7:42:00	29.0	1737	76	6030	59	198
7:45:00	29.0	1773	76	6065	59	206
7:48:00	29.0	1759	78	5985	62	201
7:51:00	29.0	1768	76	5954	60	201
7:54:00	29.0	1772	79	6044	62	201
7:57:00	29.0	1772	82	6008	61	205
8:00:00	29.0	1790	82	6156	64	203
8:03:00	29.0	1785	83	6164	61	202
8:06:00	29.0	1774	79	6168	59	196
8:09:00	29.0	1787	87	6224	61	206
8:12:00	29.0	1803	80	6178	59	211
8:15:00	29.0	1825	75	6157	58	207
8:18:00	29.1	1815	86	6247	61	214
8:21:00	29.1	1840	85	6245	66	214
8:24:00	29.0	1806	85	5985	63	216
8:27:00	29.0	1836	86	6104	57	211
8:30:00	29.0	1847	88	6132	67	209
8:33:00	29.0	1888	81	6119	62	201
8:36:00	29.0	1888	82	6185	58	220
8:39:00	29.0	1868	81	6230	60	206
8:42:00	29.0	1905	83	6356	68	204
8:45:00	29.0	1881	86	6300	59	217
8:48:00	29.1	1887	92	6257	68	212
8:51:00	29.0	1923	83	6236	65	215
8:54:00	29.0	1877	76	6256	57	210
8:57:00	29.0	1918	88	6364	67	208
9:00:00	29.0	1884	88	6330	63	214
9:03:00	29.0	1937	92	6401	61	218
9:06:00	29.0	1944	88	6226	65	219
9:09:00	29.0	1938	82	6215	63	231
9:12:00	29.0	1928	90	6301	64	210
9:15:00	29.0	1954	94	6396	60	220
9:18:00	29.0	1982	87	6440	67	220
9:21:00	29.0	1944	98	6326	62	218
9:24:00	29.0	1956	87	6273	61	212
9:27:00	29.0	1957	92	6255	65	226
9:30:00	29.0	1950	93	6371	66	226
9:33:00	29.0	1973	87	6349	68	220
9:36:00	29.0	1972	95	6386	67	219
9:39:00	29.0	1989	96	6340	76	227
9:42:00	29.0	2012	93	6274	68	223
9:45:00	29.1	2008	93	6392	63	229
9:48:00	29.0	2040	93	6396	72	221
9:51:00	29.1	2001	97	6403	67	216
9:54:00	29.0	2024	94	6304	68	214
9:57:00	29.0	2041	96	6361	67	224
10:00:00	29.1	2046	100	6517	70	227
10:03:00	29.0	2020	81	6422	65	230
10:06:00	29.0	2093	90	6434	67	219
10:09:00	29.1	2050	87	6423	64	220
10:12:00	29.1	2044	107	6333	71	229
10:15:00	29.1	2026	98	6440	70	224
10:18:00	29.0	2062	103	6452	69	224
10:21:00	29.1	2072	99	6422	68	217
10:24:00	29.1	2059	96	6439	67	232
10:27:00	29.1	2089	96	6450	64	223
10:30:00	29.1	2087	100	6488	71	220
10:33:00	29.1	2102	97	6332	73	229
10:36:00	29.1	2130	102	6489	74	228
10:39:00	29.0	2114	93	6377	68	221
10:42:00	29.1	2098	91	6518	71	225
10:45:00	29.1	2077	93	6535	69	238
10:48:00	29.1	2143	98	6487	69	235
10:51:00	29.1	2117	93	6521	68	237
10:54:00	29.1	2154	97	6409	70	233
10:57:00	29.1	2117	99	6575	71	230
11:00:00	29.1	2090	90	6431	63	233
11:03:00	29.1	2128	94	6448	67	232
11:06:00	29.0	2106	92	6429	71	236
11:09:00	29.1	2135	100	6513	71	236
11:12:00	29.1	2108	100	6439	69	228
11:15:00	29.1	2132	101	6496	72	227
11:18:00	29.1	2145	95	6431	76	234
11:21:00	29.1	2153	94	6488	74	240
11:24:00	29.1	2191	99	6547	72	224
11:27:00	29.1	2153	98	6477	72	238
11:30:00	29.1	2160	98	6633	78	241
11:33:00	29.1	2133	95	6527	71	243
11:36:00	29.1	2132	97	6628	73	240
11:39:00	29.1	2158	98	6508	74	235
11:42:00	29.1	2161	107	6542	71	228
11:45:00	29.1	2143	101	6605	76	251
11:48:00	29.1	2159	96	6564	72	236
11:51:00	29.1	2138	96	6559	76	238
11:54:00	29.1	2150	98	6491	81	235
11:57:00	29.1	2171	105	6573	69	236
12:00:00	29.0	2212	104	6466	70	240
12:03:00	29.1	2170	103	6535	74	233
12:06:00	29.0	2139	90	6499	74	240
12:09:00	29.0	2170	108	6568	70	241
12:12:00	29.1	2193	100	6530	77	230
12:15:00	29.1	2171	107	6584	75	239
12:18:00	29.1	2231	100	6545	80	242
12:21:00	29.1	2196	107	6437	71	238
12:24:00	29.1	2193	108	6635	79	239
12:27:00	29.0	2218	90	6606	76	232
12:30:00	29.0	2203	102	6669	74	236
12:33:00	29.1	2191	110	6623	76	240
12:36:00	29.1	2213	101	6574	76	239
12:39:00	29.1	2196	106	6649	78	248
12:42:00	29.1	2213	108	6545	77	247
12:45:00	29.1	2216	111	6472	77	242
12:48:00	29.1	2209	106	6585	82	244
12:51:00	29.1	2236	108	6544	77	242
12:54:00	29.1	2230	105	6555	72	249
12:57:00	29.1	2199	108	6685	77	240
13:00:00	29.1	2194	99	6666	84	240
13:03:00	29.1	2213	100	6641	79	244
13:06:00	29.0	2196	111	6646	73	236
13:09:00	29.1	2203	103	6549	78	239
13:12:00	29.1	2172	108	6550	86	236
13:15:00	29.1	2179	111	6467	84	243
13:18:00	29.1	2211	108	6709	81	249
13:21:00	29.1	2203	110	6392	79	247
13:24:00	29.1	2223	98	6670	75	245
13:27:00	29.0	2220	112	6687	81	250
13:30:00	29.1	2222	107	6708	81	254
13:33:00	29.0	2227	112	6569	76	248
13:36:00	29.1	2179	108	6685	78	249
13:39:00	29.1	2188	116	6660	77	243
13:42:00	29.1	2242	111	6596	83	242
13:45:00	29.1	2211	109	6621	73	260
13:48:00	29.1	2212	110	6753	82	246
13:51:00	29.1	2186	112	6632	80	243
13:54:00	29.1	2213	109	6643	79	250
13:57:00	29.1	2220	112	6703	76	253
14:00:00	29.1	2223	111	6667	84	246

gfp:485,515[2]

Time	T° gfp:485,515[2]	C1	C2	C3	C4	C5
0:00:04	29.0	1062	1398	1378	1680	1654
0:03:04	29.1	1050	1400	1439	1643	926
0:06:04	29.1	1055	1411	1409	1595	703
0:09:04	29.0	1008	1372	1321	1437	824
0:12:04	29.0	1046	1226	1252	1065	895
0:15:04	29.0	1056	1223	1217	636	862
0:18:04	29.0	1078	1116	1096	586	892
0:21:04	29.0	1090	842	632	713	872
0:24:04	29.0	1176	516	475	778	777
0:27:04	29.0	1185	453	493	796	783
0:30:04	29.1	1231	413	492	817	841
0:33:04	29.0	1278	484	570	773	826
0:36:04	29.0	1350	615	689	749	851
0:39:04	29.0	1504	711	754	731	922
0:42:04	29.1	1622	761	896	790	957
0:45:04	29.0	1685	724	986	813	977
0:48:04	29.0	1713	735	1136	741	1020
0:51:04	29.0	1762	757	1397	761	1040
0:54:04	29.0	1811	714	1724	787	1094
0:57:04	29.0	2049	736	2140	778	1123
1:00:04	29.0	2242	713	2743	739	1172
1:03:04	29.0	2403	722	3291	735	1264
1:06:04	29.1	2693	685	4307	799	1287
1:09:04	29.0	3018	708	5261	772	1320
1:12:04	29.0	3313	686	6290	804	1351
1:15:04	29.0	3582	729	7592	807	1407
1:18:04	29.0	4017	705	8908	770	1423
1:21:04	29.0	4609	762	10447	814	1597
1:24:04	29.0	4993	709	11893	840	1538
1:27:04	29.0	5668	700	14288	815	1586
1:30:04	29.0	6271	717	16009	862	1763
1:33:04	29.0	7088	720	17914	851	1813
1:36:04	29.0	7595	770	19774	853	1818
1:39:04	29.0	8156	713	22408	864	1880
1:42:04	29.0	9039	741	24884	854	1863
1:45:04	29.0	9691	718	26926	974	2019
1:48:04	29.0	10027	770	29115	872	2048
1:51:04	29.0	10699	737	31572	918	2079
1:54:04	29.0	11404	793	34472	920	2145
1:57:04	29.1	11991	778	36717	991	2149
2:00:04	29.0	12425	791	39655	992	2242
2:03:04	29.0	13075	776	42999	948	2329
2:06:04	29.0	13874	830	44542	963	2340
2:09:04	29.0	14335	825	47317	995	2450
2:12:04	29.0	14842	854	50414	1016	2554
2:15:04	29.1	15491	887	51553	1018	2563
2:18:04	29.0	16280	909	54966	1044	2643
2:21:04	29.1	16962	923	57100	1039	2672
2:24:04	29.0	17287	882	60787	1052	2635
2:27:04	29.0	18166	880	64494	1128	2803
2:30:04	29.0	18754	925	64665	1071	2881
2:33:04	29.0	19372	897	68353	1096	2944
2:36:04	29.0	20077	928	72283	1152	2956
2:39:04	29.1	20452	932	73294	1150	2944
2:42:04	29.0	21766	935	76011	1126	3049
2:45:04	29.0	21380	1006	78418	1187	3269
2:48:04	29.0	22277	971	82222	1162	3273
2:51:04	29.0	23301	1027	83861	1239	3250
2:54:04	29.0	23616	1061	85634	1190	3376
2:57:04	29.1	24396	1095	87406	1164	3410
3:00:04	29.1	24816	1009	90208	1194	3437
3:03:04	29.1	25385	1058	91813	1239	3507
3:06:04	29.1	26082	1094	94481	1230	3619
3:09:04	29.1	27276	1116	96367	1175	3590
3:12:04	29.1	27260	1102	99989	1206	3673
3:15:04	29.1	27607	1127	OVRFLW	1216	3788
3:18:04	29.1	28722	1194	OVRFLW	1247	3897
3:21:04	29.1	28769	1182	OVRFLW	1221	3843
3:24:04	29.1	30024	1158	OVRFLW	1309	3917
3:27:04	29.1	29576	1159	OVRFLW	1318	3977
3:30:04	29.0	30370	1230	OVRFLW	1285	4070
3:33:04	29.1	30224	1259	OVRFLW	1310	4062
3:36:04	29.0	31338	1245	OVRFLW	1334	4050
3:39:04	29.0	32599	1322	OVRFLW	1340	4226
3:42:04	29.1	32265	1260	OVRFLW	1349	4299
3:45:04	29.1	33098	1371	OVRFLW	1390	4270
3:48:04	29.1	33558	1319	OVRFLW	1389	4366
3:51:04	29.0	34480	1360	OVRFLW	1416	4539
3:54:04	29.1	34642	1302	OVRFLW	1403	4481
3:57:04	29.1	35428	1376	OVRFLW	1462	4603
4:00:04	29.1	35475	1375	OVRFLW	1422	4638
4:03:04	29.1	36596	1397	OVRFLW	1460	4648
4:06:04	29.1	36426	1437	OVRFLW	1476	4740
4:09:04	29.1	37725	1456	OVRFLW	1485	4752
4:12:04	29.1	37812	1425	OVRFLW	1401	4881
4:15:04	29.1	38874	1472	OVRFLW	1423	4749
4:18:04	29.1	39124	1381	OVRFLW	1455	4880
4:21:04	29.1	38994	1488	OVRFLW	1529	4977
4:24:04	29.1	38893	1500	OVRFLW	1447	4963
4:27:04	29.0	39961	1511	OVRFLW	1582	5058
4:30:04	29.1	41044	1576	OVRFLW	1597	5133
4:33:04	29.1	40905	1522	OVRFLW	1562	5106
4:36:04	29.1	41268	1588	OVRFLW	1629	5179
4:39:04	29.1	42042	1574	OVRFLW	1629	5181
4:42:04	29.1	42117	1698	OVRFLW	1662	5181
4:45:04	29.1	42483	1599	OVRFLW	1663	5145
4:48:04	29.0	43280	1615	OVRFLW	1541	5344
4:51:04	29.0	43185	1699	OVRFLW	1597	5283
4:54:04	29.1	43990	1679	OVRFLW	1684	5649
4:57:04	29.1	44015	1752	OVRFLW	1682	5531
5:00:04	29.1	44483	1706	OVRFLW	1666	5458
5:03:04	29.0	44510	1740	OVRFLW	1663	5620
5:06:04	29.1	45067	1752	OVRFLW	1666	5755
5:09:04	29.1	46069	1794	OVRFLW	1769	5624
5:12:04	29.1	46562	1806	OVRFLW	1716	5778
5:15:04	29.1	46252	1835	OVRFLW	1735	5909
5:18:04	29.1	46789	1971	OVRFLW	1758	5826
5:21:04	29.1	47096	1885	OVRFLW	1799	5889
5:24:04	29.1	47133	1988	OVRFLW	1790	5882
5:27:04	29.1	48212	1907	OVRFLW	1759	6026
5:30:04	29.1	48919	1979	OVRFLW	1764	5851
5:33:04	29.1	49499	1935	OVRFLW	1750	6082
5:36:04	29.1	47597	2033	OVRFLW	1777	6099
5:39:04	29.1	48781	1975	OVRFLW	1847	5978
5:42:04	29.1	50128	2017	OVRFLW	1816	6129
5:45:04	29.0	50505	2022	OVRFLW	1825	6142
5:48:04	29.0	50300	2109	OVRFLW	1870	6033
5:51:04	29.0	50666	2139	OVRFLW	1924	6105
5:54:04	29.0	51486	2047	OVRFLW	1864	6253
5:57:04	29.0	52196	2206	OVRFLW	1954	6311
6:00:04	29.0	51679	2192	OVRFLW	1870	6431
6:03:04	29.0	52925	2220	OVRFLW	1915	6324
6:06:04	29.0	52916	2191	OVRFLW	1903	6217
6:09:04	29.0	53952	2225	OVRFLW	1951	6620
6:12:04	29.0	53517	2226	OVRFLW	1966	6577
6:15:04	29.0	54277	2316	OVRFLW	1959	6370
6:18:04	29.0	53308	2272	OVRFLW	2000	6619
6:21:04	29.0	53631	2287	OVRFLW	1905	6737
6:24:04	29.0	55118	2321	OVRFLW	1906	6752
6:27:04	29.0	54457	2364	OVRFLW	1937	6703
6:30:04	29.0	55457	2443	OVRFLW	2010	6796
6:33:04	29.0	55868	2461	OVRFLW	2064	6747
6:36:04	29.0	56368	2489	OVRFLW	2002	6776
6:39:04	29.0	55792	2443	OVRFLW	2061	6524
6:42:04	29.0	56810	2414	OVRFLW	2004	6647
6:45:04	29.0	57729	2508	OVRFLW	2086	6699
6:48:04	29.0	56771	2486	OVRFLW	2025	6799
6:51:04	29.0	58022	2518	OVRFLW	2082	6713
6:54:04	29.0	58924	2546	OVRFLW	1988	6945
6:57:04	29.0	57506	2518	OVRFLW	2081	6846
7:00:04	29.0	58046	2626	OVRFLW	1991	6854
7:03:04	29.0	58744	2666	OVRFLW	2141	7027
7:06:04	29.0	58431	2647	OVRFLW	2099	7054
7:09:04	29.0	58710	2682	OVRFLW	2044	6878
7:12:04	29.0	60432	2650	OVRFLW	1999	6933
7:15:04	29.0	59615	2694	OVRFLW	2146	6848
7:18:04	29.1	60428	2764	OVRFLW	2146	7233
7:21:04	29.0	60857	2730	OVRFLW	2098	7124
7:24:04	29.0	61269	2680	OVRFLW	2077	7077
7:27:04	29.0	62563	2755	OVRFLW	2102	6966
7:30:04	29.0	60113	2804	OVRFLW	2218	7501
7:33:04	29.0	62171	2617	OVRFLW	2165	7181
7:36:04	29.0	63875	2744	OVRFLW	2159	7307
7:39:04	29.0	62388	2801	OVRFLW	2161	7279
7:42:04	29.0	61231	2841	OVRFLW	2164	7195
7:45:04	29.0	64194	2843	OVRFLW	2141	7382
7:48:04	29.0	63012	2869	OVRFLW	2182	7325
7:51:04	29.0	62258	2902	OVRFLW	2151	7366
7:54:04	29.0	63745	2873	OVRFLW	2159	7352
7:57:04	29.0	63565	2915	OVRFLW	2157	7248
8:00:04	29.0	63259	2976	OVRFLW	2283	7354
8:03:04	29.0	63519	2943	OVRFLW	2240	7396
8:06:04	29.0	64611	3000	OVRFLW	2236	7303
8:09:04	29.0	64303	2901	OVRFLW	2231	7413
8:12:04	29.0	65148	2931	OVRFLW	2238	7432
8:15:04	29.0	65778	3003	OVRFLW	2167	7494
8:18:04	29.1	65819	3002	OVRFLW	2219	7658
8:21:04	29.1	65707	3125	OVRFLW	2192	7453
8:24:04	29.0	65740	2888	OVRFLW	2231	7721
8:27:04	29.0	64767	3054	OVRFLW	2255	7651
8:30:04	29.0	68234	3051	OVRFLW	2266	7684
8:33:04	29.0	66287	3136	OVRFLW	2271	7491
8:36:04	29.0	67045	3143	OVRFLW	2213	7621
8:39:04	29.0	67792	3093	OVRFLW	2291	7773
8:42:04	29.0	68465	3112	OVRFLW	2294	7705
8:45:04	29.0	68164	3005	OVRFLW	2292	7625
8:48:04	29.1	68925	3196	OVRFLW	2296	7715
8:51:04	29.0	67578	3198	OVRFLW	2376	7789
8:54:04	29.0	69114	3173	OVRFLW	2367	7638
8:57:04	29.0	67580	3093	OVRFLW	2345	7641
9:00:04	29.0	69725	3188	OVRFLW	2255	7617
9:03:04	29.0	68144	3271	OVRFLW	2371	7868
9:06:04	29.0	70709	3156	OVRFLW	2230	7667
9:09:04	29.0	70440	3229	OVRFLW	2273	7886
9:12:04	29.0	70343	3132	OVRFLW	2270	7896
9:15:04	29.0	69315	3218	OVRFLW	2319	7687
9:18:04	29.0	70918	3071	OVRFLW	2339	7915
9:21:04	29.0	70941	3214	OVRFLW	2294	8014
9:24:04	29.0	70916	3212	OVRFLW	2402	7866
9:27:04	29.0	70172	3187	OVRFLW	2391	7980
9:30:04	29.0	70457	3207	OVRFLW	2273	7742
9:33:04	29.0	72195	3284	OVRFLW	2293	7887
9:36:04	29.0	71886	3267	OVRFLW	2354	8119
9:39:04	29.0	73418	3343	OVRFLW	2424	7906
9:42:04	29.0	72318	3230	OVRFLW	2387	7960
9:45:04	29.1	72834	3335	OVRFLW	2433	8005
9:48:04	29.0	73198	3276	OVRFLW	2413	7914
9:51:04	29.1	73215	3185	OVRFLW	2373	7911
9:54:04	29.0	72988	3316	OVRFLW	2476	7913
9:57:04	29.0	73942	3258	OVRFLW	2483	8007
10:00:04	29.1	73414	3384	OVRFLW	2452	7962
10:03:04	29.0	73549	3452	OVRFLW	2468	8074
10:06:04	29.0	73181	3390	OVRFLW	2411	8042
10:09:04	29.1	74094	3341	OVRFLW	2363	8080
10:12:04	29.1	72915	3317	OVRFLW	2408	8210
10:15:04	29.1	73888	3208	OVRFLW	2429	8345
10:18:04	29.0	73287	3396	OVRFLW	2421	8258
10:21:04	29.1	73838	3392	OVRFLW	2429	8237
10:24:04	29.1	74664	3419	OVRFLW	2532	8244
10:27:04	29.1	74607	3435	OVRFLW	2437	8050
10:30:04	29.1	74810	3405	OVRFLW	2486	8104
10:33:04	29.1	77265	3459	OVRFLW	2548	8358
10:36:04	29.1	75696	3436	OVRFLW	2501	8216
10:39:04	29.0	75947	3492	OVRFLW	2488	8103
10:42:04	29.1	75816	3408	OVRFLW	2461	8358
10:45:04	29.1	76285	3406	OVRFLW	2516	8294
10:48:04	29.1	74899	3478	OVRFLW	2550	8382
10:51:04	29.1	75634	3428	OVRFLW	2561	8387
10:54:04	29.1	76605	3486	OVRFLW	2547	8465
10:57:04	29.1	77674	3470	OVRFLW	2505	8176
11:00:04	29.1	76733	3430	OVRFLW	2571	8452
11:03:04	29.1	77151	3515	OVRFLW	2543	8422
11:06:04	29.0	77513	3531	OVRFLW	2598	8383
11:09:04	29.1	77404	3466	OVRFLW	2646	8289
11:12:04	29.1	77939	3524	OVRFLW	2561	8346
11:15:04	29.1	77895	3538	OVRFLW	2536	8434
11:18:04	29.1	77540	3603	OVRFLW	2574	8435
11:21:04	29.1	77383	3603	OVRFLW	2578	8561
11:24:04	29.1	77602	3483	OVRFLW	2580	8457
11:27:04	29.1	76199	3571	OVRFLW	2506	8366
11:30:04	29.1	77773	3480	OVRFLW	2594	8463
11:33:04	29.1	78156	3510	OVRFLW	2601	8357
11:36:04	29.1	78183	3684	OVRFLW	2669	8661
11:39:04	29.1	77363	3702	OVRFLW	2565	8395
11:42:04	29.1	78714	3489	OVRFLW	2697	8388
11:45:04	29.1	77622	3719	OVRFLW	2669	8451
11:48:04	29.1	78602	3662	OVRFLW	2689	8671
11:51:04	29.1	77272	3637	OVRFLW	2700	8716
11:54:04	29.1	78027	3586	OVRFLW	2649	8389
11:57:04	29.1	77401	3724	OVRFLW	2602	8494
12:00:04	29.0	78324	3573	OVRFLW	2591	8488
12:03:04	29.1	77200	3717	OVRFLW	2620	8587
12:06:04	29.0	79126	3678	OVRFLW	2606	8394
12:09:04	29.0	78146	3800	OVRFLW	2724	8783
12:12:04	29.1	77312	3805	OVRFLW	2654	8683
12:15:04	29.1	80001	3675	OVRFLW	2767	8669
12:18:04	29.1	79710	3618	OVRFLW	2718	8455
12:21:04	29.1	78185	3652	OVRFLW	2765	8664
12:24:04	29.1	78461	3699	OVRFLW	2671	8668
12:27:04	29.0	78973	3643	OVRFLW	2730	8981
12:30:04	29.0	78792	3716	OVRFLW	2761	8630
12:33:04	29.1	79647	3744	OVRFLW	2708	8633
12:36:04	29.1	77365	3820	OVRFLW	2796	8720
12:39:04	29.1	78547	3837	OVRFLW	2815	8536
12:42:04	29.1	79225	3754	OVRFLW	2792	8635
12:45:04	29.1	79027	3694	OVRFLW	2676	8684
12:48:04	29.1	79681	3917	OVRFLW	2805	8881
12:51:04	29.1	79089	3769	OVRFLW	2841	8865
12:54:04	29.1	79470	3825	OVRFLW	2841	8896
12:57:04	29.1	80604	3798	OVRFLW	2799	8805
13:00:04	29.1	78879	3784	OVRFLW	2781	8719
13:03:04	29.1	79928	3908	OVRFLW	2898	8905
13:06:04	29.0	78972	3805	OVRFLW	2729	8913
13:09:04	29.1	80317	3751	OVRFLW	2802	8827
13:12:04	29.1	79927	3843	OVRFLW	2894	8834
13:15:04	29.1	80154	3923	OVRFLW	2865	8861
13:18:04	29.1	81504	3928	OVRFLW	2787	8743
13:21:04	29.1	79899	3902	OVRFLW	2854	8819
13:24:04	29.1	80994	3936	OVRFLW	2830	9073
13:27:04	29.0	80886	3878	OVRFLW	2840	8930
13:30:04	29.1	80972	3882	OVRFLW	2891	9206
13:33:04	29.0	79796	3920	OVRFLW	2804	8889
13:36:04	29.1	77380	3833	OVRFLW	2965	8837
13:39:04	29.1	80059	3937	OVRFLW	2879	8933
13:42:04	29.1	79526	3877	OVRFLW	2881	8819
13:45:04	29.1	80412	3940	OVRFLW	2918	8968
13:48:04	29.1	80635	3887	OVRFLW	2917	8932
13:51:04	29.1	80689	4061	OVRFLW	2888	8728
13:54:04	29.1	79957	4060	OVRFLW	2977	8852
13:57:04	29.1	78003	4102	OVRFLW	3064	8808
14:00:04	29.1	81378	4026	OVRFLW	2894	8853

Results
	1	2	3	4	5	6	7	8	9	10	11	12	13	14	15	16	17	18	19	20	21	22	23	24
A																									Max V [gfp:485,515]
																									R-Squared [gfp:485,515]
																									t at Max V [gfp:485,515]
																									Lagtime [gfp:485,515]
																									Max V [gfp:485,515[2]]
																									R-Squared [gfp:485,515[2]]
																									t at Max V [gfp:485,515[2]]
																									Lagtime [gfp:485,515[2]]
B																									Max V [gfp:485,515]
																									R-Squared [gfp:485,515]
																									t at Max V [gfp:485,515]
																									Lagtime [gfp:485,515]
																									Max V [gfp:485,515[2]]
																									R-Squared [gfp:485,515[2]]
																									t at Max V [gfp:485,515[2]]
																									Lagtime [gfp:485,515[2]]
C	24333.333	6666.667	-105666.667	6666.667	-8333.333																				Max V [gfp:485,515]
	1.000	1.000	1.000	1.000	1.000																				R-Squared [gfp:485,515]
	10:04:30	10:10:30	13:19:30	0:31:30	0:01:30																				t at Max V [gfp:485,515]
	8:41:16	10:02:06	?????	0:36:00	0:00:00																				Lagtime [gfp:485,515]
	1155666.667	-108666.667	1310000.000	-143000.000	-242666.667																				Max V [gfp:485,515[2]]
	1.000	1.000	1.000	1.000	1.000																				R-Squared [gfp:485,515[2]]
	8:28:34	0:22:34	2:34:34	0:13:34	0:01:34																				t at Max V [gfp:485,515[2]]
	7:31:57	0:15:57	1:41:56	0:07:46	0:00:04																				Lagtime [gfp:485,515[2]]
D																									Max V [gfp:485,515]
																									R-Squared [gfp:485,515]
																									t at Max V [gfp:485,515]
																									Lagtime [gfp:485,515]
																									Max V [gfp:485,515[2]]
																									R-Squared [gfp:485,515[2]]
																									t at Max V [gfp:485,515[2]]
																									Lagtime [gfp:485,515[2]]
E																									Max V [gfp:485,515]
																									R-Squared [gfp:485,515]
																									t at Max V [gfp:485,515]
																									Lagtime [gfp:485,515]
																									Max V [gfp:485,515[2]]
																									R-Squared [gfp:485,515[2]]
																									t at Max V [gfp:485,515[2]]
																									Lagtime [gfp:485,515[2]]
F																									Max V [gfp:485,515]
																									R-Squared [gfp:485,515]
																									t at Max V [gfp:485,515]
																									Lagtime [gfp:485,515]
																									Max V [gfp:485,515[2]]
																									R-Squared [gfp:485,515[2]]
																									t at Max V [gfp:485,515[2]]
																									Lagtime [gfp:485,515[2]]
G																									Max V [gfp:485,515]
																									R-Squared [gfp:485,515]
																									t at Max V [gfp:485,515]
																									Lagtime [gfp:485,515]
																									Max V [gfp:485,515[2]]
																									R-Squared [gfp:485,515[2]]
																									t at Max V [gfp:485,515[2]]
																									Lagtime [gfp:485,515[2]]
H																									Max V [gfp:485,515]
																									R-Squared [gfp:485,515]
																									t at Max V [gfp:485,515]
																									Lagtime [gfp:485,515]
																									Max V [gfp:485,515[2]]
																									R-Squared [gfp:485,515[2]]
																									t at Max V [gfp:485,515[2]]
																									Lagtime [gfp:485,515[2]]
I																									Max V [gfp:485,515]
																									R-Squared [gfp:485,515]
																									t at Max V [gfp:485,515]
																									Lagtime [gfp:485,515]
																									Max V [gfp:485,515[2]]
																									R-Squared [gfp:485,515[2]]
																									t at Max V [gfp:485,515[2]]
																									Lagtime [gfp:485,515[2]]
J																									Max V [gfp:485,515]
																									R-Squared [gfp:485,515]
																									t at Max V [gfp:485,515]
																									Lagtime [gfp:485,515]
																									Max V [gfp:485,515[2]]
																									R-Squared [gfp:485,515[2]]
																									t at Max V [gfp:485,515[2]]
																									Lagtime [gfp:485,515[2]]
K																									Max V [gfp:485,515]
																									R-Squared [gfp:485,515]
																									t at Max V [gfp:485,515]
																									Lagtime [gfp:485,515]
																									Max V [gfp:485,515[2]]
																									R-Squared [gfp:485,515[2]]
																									t at Max V [gfp:485,515[2]]
																									Lagtime [gfp:485,515[2]]
L																									Max V [gfp:485,515]
																									R-Squared [gfp:485,515]
																									t at Max V [gfp:485,515]
																									Lagtime [gfp:485,515]
																									Max V [gfp:485,515[2]]
																									R-Squared [gfp:485,515[2]]
																									t at Max V [gfp:485,515[2]]
																									Lagtime [gfp:485,515[2]]
M																									Max V [gfp:485,515]
																									R-Squared [gfp:485,515]
																									t at Max V [gfp:485,515]
																									Lagtime [gfp:485,515]
																									Max V [gfp:485,515[2]]
																									R-Squared [gfp:485,515[2]]
																									t at Max V [gfp:485,515[2]]
																									Lagtime [gfp:485,515[2]]
N																									Max V [gfp:485,515]
																									R-Squared [gfp:485,515]
																									t at Max V [gfp:485,515]
																									Lagtime [gfp:485,515]
																									Max V [gfp:485,515[2]]
																									R-Squared [gfp:485,515[2]]
																									t at Max V [gfp:485,515[2]]
																									Lagtime [gfp:485,515[2]]
O																									Max V [gfp:485,515]
																									R-Squared [gfp:485,515]
																									t at Max V [gfp:485,515]
																									Lagtime [gfp:485,515]
																									Max V [gfp:485,515[2]]
																									R-Squared [gfp:485,515[2]]
																									t at Max V [gfp:485,515[2]]
																									Lagtime [gfp:485,515[2]]
P																									Max V [gfp:485,515]
																									R-Squared [gfp:485,515]
																									t at Max V [gfp:485,515]
																									Lagtime [gfp:485,515]
																									Max V [gfp:485,515[2]]
																									R-Squared [gfp:485,515[2]]
																									t at Max V [gfp:485,515[2]]
																									Lagtime [gfp:485,515[2]]

