

Software Version	3.04.17



Experiment File Path:	C:\Users\Biotek2\Box\biocircuits\Ankita\20201103_gfp_atpbeg_timeseries.xpt
Protocol File Path:	C:\Users\Biotek2\Box\biocircuits\Ankita\gfp_24hr_protocol.prt



Plate Number	Plate 1
Date	11/3/2020
Time	7:27:40 PM
Reader Type:	Synergy H1
Reader Serial Number:	271275
Reading Type	Reader

Procedure Details

Plate Type	384 WELL PLATE
Well Selection	Runtime
Eject plate on completion	
Set Temperature	Setpoint 34°C
	Preheat before moving to next step
Start Kinetic	Runtime 24:00:00 (HH:MM:SS), Interval 0:03:00, 481 Reads
    Read	gfp
	Fluorescence Endpoint
	Full Plate
	Filter Set 1
	    Excitation: 485,  Emission: 515
	    Optics: Bottom,  Gain: 61
	Filter Set 2
	    Excitation: 485,  Emission: 515
	    Optics: Bottom,  Gain: 100
	Light Source: Xenon Flash,  Lamp Energy: High
	Read Speed: Normal,  Delay: 100 msec,  Measurements/Data Point: 10
	Read Height: 9.5 mm
End Kinetic	

Layout
	1	2	3	4	5	6	7	8	9	10	11	12	13	14	15	16	17	18	19	20	21	22	23	24
A																									Well ID
B																									Well ID
C																									Well ID
D																									Well ID
E																									Well ID
F																									Well ID
G																									Well ID
H																									Well ID
I																									Well ID
J																									Well ID
K																									Well ID
L																						SPL1	SPL6	SPL11	Well ID
M																						SPL2	SPL7	SPL12	Well ID
N																						SPL3	SPL8	SPL13	Well ID
O																						SPL4	SPL9	SPL14	Well ID
P																						SPL5	SPL10	SPL15	Well ID

gfp:485,515

Time	T° gfp:485,515	L22	L23	L24	M22	M23	M24	N22	N23	N24	O22	O23	O24	P22	P23	P24
0:00:00	27.0	61	62	62	74	76	77	70	72	65	54	83	78	68	29	19
0:03:00	30.6	57	64	71	76	62	85	67	64	61	67	73	60	54	28	22
0:06:00	33.4	54	60	61	73	71	72	67	61	68	57	69	61	56	24	26
0:09:00	34.0	59	63	54	68	59	65	70	57	58	60	78	69	44	30	20
0:12:00	34.0	59	61	67	53	65	61	62	48	62	58	72	64	50	29	18
0:15:00	34.0	61	67	55	36	59	55	48	58	61	52	60	59	22	20	15
0:18:00	34.0	69	63	62	36	49	50	45	51	40	51	74	64	23	19	15
0:21:00	34.0	84	80	88	18	45	50	52	36	52	84	105	102	24	15	16
0:24:00	34.0	152	130	141	30	36	31	89	69	78	116	139	157	29	21	14
0:27:00	34.0	216	184	196	11	30	27	109	87	95	156	192	207	29	23	17
0:30:00	34.0	278	234	245	2	18	15	132	99	116	203	229	269	29	27	15
0:33:00	34.0	340	290	304	17	18	15	147	120	141	233	279	308	26	19	4
0:36:00	34.0	382	364	366	14	19	20	180	132	166	284	330	350	21	18	19
0:39:00	34.0	470	440	427	11	17	18	215	156	180	307	372	411	18	17	9
0:42:00	34.0	510	501	487	15	16	14	250	173	212	369	436	457	25	21	11
0:45:00	34.0	584	573	515	18	17	18	274	193	247	407	484	525	26	16	11
0:48:00	34.0	644	677	588	12	15	19	316	218	278	448	550	575	24	19	15
0:51:00	34.0	725	749	641	12	15	17	353	256	302	513	600	648	34	18	8
0:54:00	34.0	784	828	691	19	16	13	395	275	348	570	648	696	28	19	7
0:57:00	34.0	832	894	747	15	10	16	435	304	391	611	727	750	26	24	7
1:00:00	34.0	894	978	787	24	21	15	486	341	419	643	775	827	28	8	9
1:03:00	34.0	958	1066	851	17	17	16	513	373	458	717	854	859	28	32	10
1:06:00	34.0	1019	1135	899	13	14	19	574	407	491	749	889	951	29	22	12
1:09:00	34.0	1074	1183	960	13	25	14	619	447	555	807	979	990	31	19	14
1:12:00	34.0	1173	1298	997	13	15	21	670	467	589	843	1029	1071	22	20	18
1:15:00	34.0	1206	1326	1036	22	14	17	709	527	618	899	1094	1105	34	26	21
1:18:00	34.0	1260	1463	1094	16	16	14	781	541	649	947	1170	1176	32	24	15
1:21:00	34.0	1294	1523	1161	16	15	16	803	580	698	1002	1225	1246	27	24	18
1:24:00	34.1	1406	1530	1194	11	22	24	870	601	747	1066	1300	1318	30	27	18
1:27:00	34.0	1432	1680	1260	21	22	25	911	671	786	1105	1366	1354	32	19	17
1:30:00	34.0	1487	1751	1327	16	20	19	976	699	849	1165	1447	1425	32	21	15
1:33:00	34.0	1559	1821	1370	15	15	20	1009	727	850	1213	1523	1473	35	16	22
1:36:00	34.0	1633	1914	1418	19	17	16	1073	771	917	1255	1585	1582	40	25	14
1:39:00	34.0	1646	1988	1503	17	11	15	1120	815	970	1327	1638	1592	33	18	20
1:42:00	34.0	1785	2021	1495	19	18	13	1196	863	1012	1362	1734	1639	40	19	15
1:45:00	34.0	1798	2118	1581	24	22	12	1244	881	1058	1418	1781	1768	42	18	15
1:48:00	34.0	1821	2198	1653	16	16	18	1303	943	1089	1446	1863	1820	44	23	14
1:51:00	34.0	1932	2267	1686	19	19	18	1363	959	1163	1537	1916	1872	33	23	19
1:54:00	34.0	1970	2395	1732	14	13	22	1416	1034	1185	1580	1963	1912	39	16	5
1:57:00	34.0	2020	2456	1795	27	22	20	1461	1072	1246	1632	1998	1960	46	23	20
2:00:00	34.0	2088	2517	1821	22	24	13	1530	1124	1280	1655	2097	2048	43	29	19
2:03:00	34.0	2133	2566	1907	19	23	18	1578	1144	1347	1728	2162	2094	45	25	15
2:06:00	34.1	2210	2604	1951	23	16	22	1606	1185	1394	1756	2253	2140	47	24	21
2:09:00	34.0	2264	2673	2026	19	18	16	1697	1224	1443	1855	2312	2215	50	25	22
2:12:00	34.0	2290	2783	2058	25	23	20	1739	1263	1473	1873	2404	2279	48	24	20
2:15:00	34.0	2408	2874	2140	26	25	20	1800	1336	1555	1928	2467	2311	42	21	23
2:18:00	34.0	2496	2875	2188	25	21	23	1830	1360	1590	2004	2457	2380	55	33	14
2:21:00	34.0	2480	3010	2257	22	19	24	1900	1417	1622	2046	2513	2480	56	25	16
2:24:00	34.0	2586	3055	2326	15	23	21	1950	1456	1728	2130	2622	2578	46	25	21
2:27:00	34.0	2613	3134	2337	24	24	16	2011	1492	1756	2140	2565	2591	52	24	15
2:30:00	34.0	2650	3177	2389	20	19	20	2053	1539	1783	2252	2739	2678	49	28	17
2:33:00	34.0	2721	3226	2410	21	21	21	2065	1624	1827	2290	2748	2798	51	28	21
2:36:00	34.1	2670	3363	2525	27	27	30	2145	1649	1936	2296	2762	2851	52	26	15
2:39:00	34.0	2775	3330	2541	26	21	11	2171	1660	1945	2388	2904	2917	55	28	20
2:42:00	34.0	2829	3461	2664	24	25	23	2250	1723	2011	2441	2922	2870	56	27	18
2:45:00	34.0	2920	3497	2695	24	25	33	2249	1801	2087	2515	2995	2993	60	29	14
2:48:00	34.0	2975	3574	2758	26	19	27	2322	1839	2097	2534	3011	3103	58	20	25
2:51:00	34.0	3059	3640	2819	27	24	27	2412	1852	2178	2603	3033	3145	56	35	15
2:54:00	34.0	3043	3670	2900	35	20	24	2414	1941	2204	2655	3112	3194	59	33	17
2:57:00	34.0	3071	3706	2915	25	36	21	2456	1964	2254	2721	3081	3306	58	22	19
3:00:00	34.0	3203	3820	3001	30	23	26	2507	2033	2335	2787	3143	3295	61	28	16
3:03:00	34.0	3289	3871	3064	23	14	24	2527	2018	2375	2798	3203	3299	60	25	9
3:06:00	34.0	3352	3906	3165	30	32	28	2600	2084	2458	2882	3228	3474	60	32	23
3:09:00	34.0	3368	4056	3219	22	29	28	2645	2147	2504	2918	3290	3515	61	28	22
3:12:00	34.0	3425	4007	3258	29	27	34	2697	2208	2533	2976	3299	3545	60	24	16
3:15:00	34.0	3511	4153	3325	17	29	29	2699	2269	2602	3055	3333	3661	51	29	35
3:18:00	34.0	3492	4188	3399	20	26	32	2706	2266	2622	3072	3395	3684	65	28	17
3:21:00	34.0	3556	4238	3505	29	27	27	2758	2306	2735	3092	3450	3751	69	29	14
3:24:00	34.0	3627	4303	3472	28	26	26	2763	2361	2777	3191	3468	3827	67	32	32
3:27:00	34.0	3706	4379	3515	32	30	26	2794	2368	2805	3160	3497	3864	56	27	17
3:30:00	34.0	3758	4428	3554	35	30	36	2904	2415	2854	3244	3504	3782	68	25	21
3:33:00	34.0	3736	4532	3541	28	26	29	2843	2479	2874	3344	3538	3927	74	22	26
3:36:00	34.0	3762	4468	3709	27	25	19	2895	2466	2963	3353	3525	3954	62	31	24
3:39:00	34.0	3819	4533	3693	36	36	31	2955	2496	2987	3437	3561	3941	72	38	19
3:42:00	34.0	3805	4615	3725	32	31	25	3023	2590	3001	3484	3540	4086	72	25	23
3:45:00	34.0	3933	4563	3780	32	28	38	2945	2620	3146	3487	3537	4092	66	30	15
3:48:00	34.0	3949	4732	3926	39	34	39	3019	2658	3125	3537	3646	4168	68	32	19
3:51:00	34.0	3953	4744	3913	31	27	22	3099	2660	3130	3582	3671	4278	72	33	10
3:54:00	34.0	3991	4896	3956	30	26	29	3132	2657	3264	3611	3657	4242	73	36	21
3:57:00	34.0	4166	4934	3991	34	29	25	3200	2797	3222	3689	3704	4340	70	30	40
4:00:00	34.0	4159	5001	4047	31	16	35	3143	2781	3313	3680	3855	4393	70	31	17
4:03:00	34.0	4194	4991	4008	33	38	35	3231	2789	3314	3681	3720	4345	73	28	16
4:06:00	34.0	4161	5011	4089	32	31	29	3208	2796	3386	3805	3803	4447	72	39	23
4:09:00	34.0	4278	5115	4069	36	31	33	3283	2870	3371	3784	3721	4411	68	28	28
4:12:00	34.0	4324	5128	4168	31	34	30	3255	2893	3451	3856	3849	4481	72	32	24
4:15:00	34.0	4396	5194	4162	42	29	35	3326	2932	3476	3915	3854	4537	80	29	21
4:18:00	34.0	4378	5102	4140	36	33	40	3360	2966	3577	3894	3829	4562	83	32	23
4:21:00	34.0	4442	5215	4248	25	36	31	3341	3021	3549	3890	3855	4577	69	41	29
4:24:00	34.0	4309	5293	4244	29	39	29	3428	3043	3564	3982	3909	4697	76	34	23
4:27:00	34.0	4527	5343	4257	32	33	30	3446	3039	3632	4013	3897	4769	75	27	22
4:30:00	34.0	4562	5517	4293	22	36	35	3483	3057	3573	4035	3912	4641	82	34	16
4:33:00	34.0	4529	5381	4280	28	35	36	3439	3053	3576	3999	3897	4782	84	35	18
4:36:00	34.0	4610	5522	4456	36	33	41	3505	3100	3737	3940	3952	4667	79	35	23
4:39:00	34.0	4561	5570	4392	32	32	31	3573	3165	3695	4090	3955	4769	75	39	27
4:42:00	34.0	4683	5693	4457	35	38	33	3521	3168	3775	4113	3987	4790	76	30	24
4:45:00	34.0	4530	5758	4382	38	31	41	3636	3175	3709	4070	4000	4873	82	36	26
4:48:00	34.0	4626	5593	4420	37	33	35	3649	3240	3744	4151	4019	4849	68	38	25
4:51:00	34.0	4598	5610	4526	39	30	38	3654	3221	3835	4209	4058	4916	96	37	28
4:54:00	34.0	4893	5761	4478	38	33	30	3625	3255	3841	4173	4162	4950	88	31	21
4:57:00	34.0	4733	5845	4533	33	38	37	3738	3283	3856	4215	4112	4966	80	31	27
5:00:00	34.0	4933	5927	4548	41	39	37	3763	3247	3802	4214	4104	4974	88	39	24
5:03:00	34.0	4768	5842	4605	36	36	39	3710	3354	3810	4187	4108	4980	85	31	26
5:06:00	34.0	4804	5886	4577	41	33	34	3793	3365	3938	4266	4140	5038	75	33	28
5:09:00	34.0	4806	5970	4577	34	42	28	3822	3305	3989	4275	4171	5009	78	38	26
5:12:00	34.0	4945	5779	4665	53	43	39	3860	3421	3974	4381	4200	5030	86	31	41
5:15:00	34.0	4950	5965	4752	39	44	33	3794	3385	3982	4217	4283	5132	79	38	30
5:18:00	34.0	4841	6006	4671	35	40	46	3890	3429	3935	4286	4216	5097	87	29	26
5:21:00	34.0	5089	6038	4689	30	45	38	3892	3488	4065	4337	4268	5053	87	40	20
5:24:00	34.0	5031	6045	4635	44	41	38	3967	3475	4074	4356	4302	5151	87	34	29
5:27:00	34.0	5097	6138	4746	35	45	48	3984	3505	3996	4288	4239	5186	93	38	24
5:30:00	34.0	4994	6017	4759	43	49	33	4056	3425	4055	4350	4323	5140	92	37	24
5:33:00	34.0	5128	6193	4781	45	45	57	3996	3476	4058	4278	4379	5146	91	38	22
5:36:00	34.0	5180	6193	4853	43	40	51	4058	3524	4061	4382	4319	5301	94	47	24
5:39:00	34.0	5189	6270	4684	37	45	41	4025	3564	4081	4340	4367	5205	80	45	25
5:42:00	34.0	5137	6286	4789	36	40	34	4005	3545	4162	4383	4392	5146	96	39	28
5:45:00	34.0	5213	6250	4806	44	44	42	4054	3682	4196	4387	4432	5257	94	35	21
5:48:00	34.0	5274	6250	4897	38	39	46	4111	3564	4243	4510	4484	5199	91	38	30
5:51:00	33.9	5334	6299	4777	45	49	49	4159	3591	4160	4393	4448	5219	85	38	38
5:54:00	34.0	5306	6256	4841	48	50	40	4164	3603	4156	4444	4402	5307	88	34	25
5:57:00	34.0	5289	6297	5005	39	42	31	4125	3677	4251	4418	4441	5216	97	37	26
6:00:00	34.0	5292	6405	4835	43	36	50	4190	3605	4238	4552	4570	5303	95	42	33
6:03:00	34.0	5301	6344	4967	40	62	44	4215	3677	4238	4562	4534	5372	95	33	35
6:06:00	34.0	5322	6458	4928	44	45	45	4290	3729	4237	4550	4605	5367	95	43	27
6:09:00	34.0	5319	6423	4951	37	46	50	4230	3681	4161	4552	4536	5458	95	37	26
6:12:00	34.0	5505	6410	5037	41	42	54	4204	3655	4261	4602	4610	5374	97	34	24
6:15:00	34.0	5416	6367	4960	47	39	55	4215	3738	4332	4555	4532	5414	100	34	30
6:18:00	34.0	5470	6313	5077	44	48	53	4290	3727	4306	4570	4633	5436	96	36	45
6:21:00	34.0	5375	6269	4981	47	50	52	4210	3669	4353	4516	4630	5431	99	52	35
6:24:00	34.0	5486	6494	5004	45	49	54	4359	3761	4311	4580	4608	5499	97	42	31
6:27:00	34.0	5420	6638	5018	53	46	50	4346	3695	4287	4657	4592	5514	103	35	26
6:30:00	34.0	5483	6453	5048	43	49	46	4386	3716	4333	4651	4694	5409	90	41	30
6:33:00	34.0	5471	6430	5140	45	50	46	4400	3774	4378	4642	4656	5438	97	41	30
6:36:00	34.0	5523	6547	5099	48	58	53	4396	3754	4341	4551	4638	5456	97	39	29
6:39:00	34.0	5523	6505	5053	42	54	51	4354	3841	4390	4618	4652	5573	102	38	30
6:42:00	34.0	5498	6586	5140	49	56	56	4408	3742	4418	4619	4641	5455	101	46	21
6:45:00	34.0	5566	6513	5109	47	45	52	4463	3844	4361	4688	4643	5456	99	40	32
6:48:00	34.0	5608	6567	5205	53	57	59	4434	3860	4384	4685	4717	5532	99	40	38
6:51:00	34.0	5672	6575	5045	48	53	46	4514	3878	4425	4571	4670	5537	104	35	19
6:54:00	34.0	5600	6572	5134	44	56	59	4462	3891	4408	4773	4643	5700	109	41	27
6:57:00	34.0	5554	6571	5225	46	55	56	4535	3849	4397	4622	4676	5633	105	47	31
7:00:00	34.0	5707	6554	5256	51	54	53	4468	3882	4447	4641	4752	5576	105	40	29
7:03:00	34.0	5641	6713	5182	47	53	58	4409	3922	4432	4724	4720	5547	108	42	34
7:06:00	34.0	5778	6570	5289	51	54	54	4456	3887	4465	4678	4772	5464	104	44	30
7:09:00	34.0	5713	6553	5204	51	56	56	4513	3960	4418	4642	4777	5600	109	45	31
7:12:00	34.0	5688	6682	5182	54	67	61	4509	3923	4441	4653	4741	5526	111	30	35
7:15:00	34.0	5774	6774	5344	62	46	63	4530	3872	4492	4679	4830	5574	105	42	31
7:18:00	34.0	5823	6669	5305	48	45	69	4606	3905	4432	4710	4838	5497	118	47	29
7:21:00	34.0	5754	6646	5402	46	52	64	4549	3853	4578	4705	4786	5660	106	46	30
7:24:00	34.0	5939	6735	5233	58	56	59	4520	3948	4489	4735	4755	5534	108	49	34
7:27:00	34.0	5799	6812	5326	49	52	57	4603	4026	4521	4788	4751	5681	108	44	32
7:30:00	34.0	5790	6649	5399	59	57	67	4584	3913	4457	4789	4790	5631	111	41	30
7:33:00	34.0	5851	6701	5431	52	60	59	4631	3896	4535	4748	4791	5628	111	45	33
7:36:00	34.0	5963	6735	5304	51	59	62	4616	3974	4529	4831	4825	5715	113	44	30
7:39:00	34.0	5813	6803	5283	51	54	59	4619	3941	4578	4857	4817	5723	113	46	35
7:42:00	34.0	5799	6822	5347	55	56	71	4589	4007	4521	4881	4921	5741	110	48	36
7:45:00	34.0	5902	6674	5322	53	60	60	4701	4024	4564	4828	4902	5744	117	52	30
7:48:00	34.0	5856	6694	5356	57	59	56	4635	4009	4580	4802	4824	5701	102	44	33
7:51:00	34.0	5882	6829	5441	47	63	61	4620	4004	4646	4810	4824	5646	111	45	31
7:54:00	34.0	5781	6758	5389	54	52	53	4671	4018	4568	4730	4768	5694	123	53	34
7:57:00	34.0	5953	6763	5344	53	69	66	4717	4021	4540	4749	4818	5675	106	46	38
8:00:00	34.0	5879	6827	5336	55	53	57	4708	4046	4614	4819	4850	5636	110	41	34
8:03:00	34.0	6032	6881	5505	52	60	66	4697	4059	4555	4788	4832	5680	114	53	27
8:06:00	34.0	5936	6751	5432	57	60	67	4698	4089	4681	4898	4873	5741	115	49	29
8:09:00	34.0	5867	6761	5394	55	56	65	4670	4050	4671	4793	4892	5726	113	53	33
8:12:00	34.0	5885	6924	5427	52	64	65	4674	4030	4636	4935	4817	5731	116	47	34
8:15:00	34.0	5936	6911	5446	55	62	65	4711	3970	4628	4945	4902	5808	109	49	36
8:18:00	34.0	6042	6912	5505	66	64	74	4692	4035	4588	4832	4899	5864	118	55	37
8:21:00	34.0	6102	6932	5573	62	66	74	4743	4130	4680	4853	4972	5825	118	50	33
8:24:00	34.0	6103	6769	5550	56	52	58	4694	4057	4670	4816	4978	5857	119	50	36
8:27:00	34.0	6109	6938	5541	60	65	64	4762	4078	4669	4894	4933	5809	115	49	32
8:30:00	34.0	5980	6966	5556	71	62	67	4775	4010	4593	4908	4925	5818	127	49	33
8:33:00	34.0	6003	6875	5483	57	58	75	4712	4054	4682	4848	4903	5936	115	53	45
8:36:00	34.0	6065	6917	5605	54	73	65	4895	4098	4609	4880	4967	5803	124	54	28
8:39:00	34.0	6020	6987	5479	60	74	68	4766	4052	4618	4941	4871	5885	123	47	35
8:42:00	34.0	6103	7030	5599	60	64	71	4665	4093	4642	4931	4945	5853	119	52	38
8:45:00	34.0	6098	6928	5655	61	68	72	4792	4113	4602	4932	4914	5844	129	49	40
8:48:00	34.0	6054	6959	5651	64	72	71	4846	4120	4682	4931	5025	5878	120	50	38
8:51:00	34.0	6256	6976	5577	58	67	72	4779	4169	4672	4992	4956	5847	118	62	42
8:54:00	34.0	6154	7107	5614	59	69	79	4730	4122	4722	4944	4885	5879	127	57	41
8:57:00	34.0	6228	7067	5661	60	69	69	4791	4206	4697	4947	4977	5824	124	55	34
9:00:00	34.0	6228	7056	5671	57	62	76	4901	4145	4681	4976	4932	5886	127	58	47
9:03:00	34.0	6257	6864	5599	65	68	70	4898	4140	4795	4901	5065	5813	124	52	39
9:06:00	34.0	6122	7179	5667	60	59	75	4780	4084	4672	4919	4931	5981	130	60	37
9:09:00	34.0	6261	7057	5569	52	68	78	4901	4196	4704	4945	5000	5793	129	54	44
9:12:00	34.0	6172	7133	5704	59	67	69	4850	4209	4751	4980	4948	5890	124	56	43
9:15:00	34.0	6233	7045	5649	70	72	72	4834	4150	4765	4938	4941	5869	131	57	48
9:18:00	34.0	6212	7120	5611	60	68	70	4867	4175	4709	4962	4952	5954	132	59	49
9:21:00	34.0	6295	7043	5597	49	68	73	4916	4150	4678	4949	5069	5931	126	59	38
9:24:00	34.0	6189	7037	5679	58	70	70	4801	4243	4793	4875	4960	5910	127	63	43
9:27:00	34.0	6251	7186	5647	62	68	83	4961	4173	4777	5042	5028	5885	133	56	43
9:30:00	34.0	6202	7086	5744	77	70	77	4858	4139	4795	4980	4912	5870	139	60	43
9:33:00	34.0	6244	7213	5740	67	67	74	4880	4180	4722	4932	4938	5842	131	60	47
9:36:00	34.0	6154	7085	5609	64	71	77	4885	4095	4764	4938	5031	5908	136	62	40
9:39:00	34.0	6225	7083	5655	66	65	75	4821	4189	4724	4919	5051	5916	137	68	42
9:42:00	34.0	6103	7112	5674	62	68	78	4925	4233	4735	4948	5007	5907	132	57	56
9:45:00	34.0	6328	7110	5678	62	69	70	4886	4156	4757	4931	4902	5996	130	63	46
9:48:00	34.0	6377	7104	5592	63	76	75	4876	4184	4810	4967	4945	5892	138	62	45
9:51:00	34.0	6322	7171	5683	63	69	75	4934	4268	4721	5004	5042	5938	134	62	44
9:54:00	34.0	6220	7117	5725	57	73	81	4832	4225	4738	4979	4965	5954	132	65	43
9:57:00	34.0	6432	7177	5734	64	66	72	4924	4270	4762	5012	5107	6034	135	63	39
10:00:00	34.0	6380	7274	5663	69	73	78	4844	4206	4846	5006	4991	6050	131	61	46
10:03:00	34.0	6330	7166	5764	63	65	94	4876	4235	4806	5076	5160	5985	137	63	46
10:06:00	34.0	6460	7039	5744	67	67	82	4994	4292	4734	4933	5084	5994	140	63	51
10:09:00	34.0	6323	7220	5726	67	68	76	4925	4226	4738	4945	5154	6009	139	82	49
10:12:00	34.0	6422	7122	5676	64	70	81	4975	4252	4806	4991	5019	5934	130	63	48
10:15:00	34.0	6437	7152	5773	63	75	79	4939	4259	4731	5080	5074	6026	139	74	46
10:18:00	34.0	6290	7339	5756	62	75	83	4912	4293	4776	5048	5110	5824	139	64	49
10:21:00	34.0	6418	7184	5772	64	72	81	4917	4255	4805	5069	5137	5938	153	63	48
10:24:00	34.0	6411	7168	5740	73	78	80	4906	4174	4851	5038	5075	5946	139	76	53
10:27:00	34.0	6394	7308	5785	69	67	79	4900	4268	4882	5011	5116	5948	145	68	47
10:30:00	34.0	6344	7228	5708	71	80	84	4978	4239	4869	5129	5088	5977	140	69	47
10:33:00	34.0	6400	7329	5716	65	69	84	4967	4328	4798	5087	5154	5929	139	76	47
10:36:00	34.0	6359	7137	5593	72	68	82	4897	4285	4888	5018	5118	6017	138	69	54
10:39:00	34.0	6362	7259	5649	68	73	81	4949	4253	4800	5069	5154	5991	139	65	58
10:42:00	34.0	6409	7219	5816	69	73	93	4949	4305	4814	5049	5159	5968	141	70	57
10:45:00	34.0	6357	7298	5660	65	73	87	4818	4245	4873	5026	5111	5976	142	67	56
10:48:00	34.0	6465	7168	5799	70	76	83	5009	4284	4772	4987	5098	5971	143	69	55
10:51:00	34.0	6452	7229	5760	64	68	87	4907	4265	4904	5105	4991	6119	140	70	55
10:54:00	34.0	6399	7267	5747	66	78	86	4908	4297	4817	5009	5008	6068	146	73	56
10:57:00	34.0	6374	7294	5828	70	77	90	4926	4279	4792	4938	5147	6123	144	69	51
11:00:00	34.0	6344	7203	5748	73	75	81	4999	4265	4882	5087	5030	6059	146	78	59
11:03:00	34.0	6429	7133	5803	67	72	85	4983	4368	4859	5006	5097	6124	140	69	51
11:06:00	34.0	6518	7305	5724	71	73	94	4878	4346	4843	5014	5111	5971	141	70	62
11:09:00	34.0	6360	7213	5712	73	81	81	4949	4337	4935	5052	5141	6083	148	76	58
11:12:00	34.0	6324	7205	5680	69	74	86	5028	4227	4880	5016	5091	6053	156	71	58
11:15:00	34.0	6356	7309	5907	71	79	92	5012	4303	4868	4970	5026	5982	147	76	56
11:18:00	34.0	6434	7163	5839	71	87	89	5044	4409	4924	5039	5114	6026	151	78	53
11:21:00	34.0	6486	7380	5847	66	72	81	4969	4334	4761	5045	5093	5989	149	76	46
11:24:00	34.0	6367	7318	5837	61	77	86	4956	4277	4838	5036	5182	6138	147	76	62
11:27:00	34.0	6468	7287	5832	74	82	90	4956	4337	4999	5103	5144	6091	146	78	51
11:30:00	34.0	6499	7261	5764	77	81	86	5018	4312	4794	5170	5081	6005	139	80	59
11:33:00	34.0	6313	7121	5673	70	75	93	4986	4319	4825	5059	5073	6014	142	69	61
11:36:00	34.0	6511	7346	5781	76	80	88	5032	4303	4836	5034	5109	6002	149	74	55
11:39:00	34.0	6443	7241	5719	67	79	82	5007	4344	4890	5035	5005	6081	151	73	51
11:42:00	34.0	6532	7307	5756	77	79	89	4973	4368	4927	5111	5114	5964	146	75	64
11:45:00	34.0	6511	7237	5753	82	78	93	5074	4277	4884	5061	5140	6142	155	69	60
11:48:00	34.0	6429	7414	5792	77	76	92	4952	4337	4903	5072	5121	6107	152	76	62
11:51:00	34.0	6438	7242	5794	75	82	89	5079	4269	4877	5032	5094	6050	152	76	55
11:54:00	34.0	6534	7232	5609	71	86	98	5097	4321	4882	5037	5104	6050	147	80	59
11:57:00	34.0	6328	7315	5814	71	87	93	5060	4279	4810	5059	5184	6063	154	72	63
12:00:00	34.0	6395	7265	5662	79	79	93	5082	4318	4846	4992	5124	6064	154	75	66
12:03:00	34.0	6561	7340	5839	74	86	94	4844	4353	4853	5063	5112	6051	159	80	58
12:06:00	34.0	6526	7385	5796	68	79	95	5050	4292	4836	5033	5172	6056	160	77	67
12:09:00	34.0	6374	7354	5797	71	81	92	4967	4373	4899	5055	5128	5915	154	81	61
12:12:00	34.0	6428	7186	5727	71	88	87	4989	4306	4831	5125	5150	6107	155	78	64
12:15:00	34.0	6436	7179	5856	79	89	97	5125	4351	4917	4997	5161	6100	153	88	65
12:18:00	34.0	6440	7314	5863	80	84	85	5035	4273	4900	5099	5065	6046	150	81	59
12:21:00	34.0	6484	7303	5776	78	87	96	5016	4289	5003	5108	5111	6133	146	83	59
12:24:00	34.0	6524	7355	5645	76	84	93	5061	4325	4927	5067	5045	6124	160	93	58
12:27:00	34.0	6590	7331	5891	76	87	106	5081	4299	4830	5033	5059	6013	156	81	60
12:30:00	34.0	6464	7207	5858	81	84	92	5048	4263	4916	5062	5117	6099	158	80	63
12:33:00	34.0	6494	7353	5788	74	80	98	4977	4308	4935	5118	5160	6007	158	81	61
12:36:00	34.0	6408	7325	5911	75	92	97	5035	4318	4851	5097	5105	6045	158	85	65
12:39:00	34.0	6399	7324	5784	80	92	86	5030	4353	4948	5008	5125	6066	148	79	63
12:42:00	34.0	6511	7338	5797	73	81	102	5097	4382	4859	5082	5112	6088	165	86	68
12:45:00	34.0	6557	7374	5858	71	81	96	5049	4336	4976	5052	5171	6039	158	85	63
12:48:00	34.0	6458	7364	5780	75	83	92	5101	4347	4866	5099	5028	5996	168	78	70
12:51:00	34.0	6467	7204	5734	74	85	101	4945	4353	4936	5134	5091	6111	156	83	67
12:54:00	34.0	6338	7337	5798	79	87	93	4973	4392	4880	4963	5148	6112	170	77	62
12:57:00	34.0	6534	7374	5796	81	82	102	5102	4350	4878	5156	5249	5970	162	85	68
13:00:00	34.0	6377	7377	5880	92	86	100	5093	4361	4857	5130	5104	6074	168	78	64
13:03:00	34.0	6547	7243	5820	72	85	91	5066	4317	4906	4954	5061	5966	158	86	68
13:06:00	34.0	6453	7366	5756	79	93	104	5096	4334	4885	5153	5061	6112	165	86	67
13:09:00	34.0	6431	7311	5832	79	83	94	5001	4311	4921	5072	5069	6116	168	89	61
13:12:00	34.0	6405	7475	5821	80	89	91	5159	4390	5000	5094	5050	6154	165	81	66
13:15:00	34.0	6458	7216	5848	80	89	101	5054	4326	4874	5044	5160	6176	160	86	69
13:18:00	34.0	6516	7276	5807	79	93	104	5070	4341	4867	5096	5167	6042	164	94	69
13:21:00	34.0	6517	7270	5856	80	94	93	5033	4343	4958	5060	5144	6201	166	90	66
13:24:00	34.0	6496	7439	5836	79	86	102	4996	4338	4965	5140	5113	6026	172	88	66
13:27:00	34.0	6333	7288	5806	78	93	100	5034	4330	5010	5137	5096	6040	169	86	68
13:30:00	34.0	6597	7361	5849	76	88	100	5003	4305	4922	5059	5088	5965	166	85	70
13:33:00	34.0	6288	7492	5741	80	94	106	5076	4341	4928	5061	5136	6049	179	88	64
13:36:00	34.0	6578	7220	5937	80	87	104	5056	4461	4895	5114	5124	6041	171	80	58
13:39:00	34.0	6422	7354	5891	86	78	95	5015	4368	5021	5128	5159	6189	173	87	66
13:42:00	34.0	6442	7308	5795	76	93	106	5008	4455	4888	5091	5083	6119	169	87	71
13:45:00	34.0	6501	7268	5827	85	90	102	5047	4389	4969	5147	5120	6068	171	87	71
13:48:00	34.0	6531	7252	5787	81	85	95	5083	4471	4894	5137	5144	6033	172	84	61
13:51:00	34.0	6562	7339	5860	80	85	102	5018	4410	4905	5152	5113	6026	174	89	58
13:54:00	34.0	6433	7327	5753	74	95	102	5007	4371	4884	5123	5073	5972	167	94	72
13:57:00	34.0	6423	7428	5793	80	91	103	4972	4316	4890	5052	5021	5893	170	88	67
14:00:00	34.0	6341	7506	5843	87	91	103	5027	4377	4969	5103	5189	6085	176	88	64
14:03:00	34.0	6463	7338	5983	82	90	100	5096	4430	5006	5094	5153	5935	178	89	64
14:06:00	34.0	6426	7329	5880	75	88	107	5063	4441	4998	5044	5147	6071	178	87	59
14:09:00	34.0	6465	7364	5932	83	91	100	5110	4328	4894	5037	5123	6169	180	89	67
14:12:00	34.0	6437	7329	5841	77	88	101	5060	4366	4955	4982	5119	6121	167	86	75
14:15:00	34.0	6442	7309	5852	80	98	96	5137	4340	4889	5075	5091	6071	182	90	65
14:18:00	34.0	6489	7411	5899	76	96	98	4973	4363	4916	5063	5073	6053	190	87	74
14:21:00	34.0	6355	7365	5890	77	96	103	5185	4432	4972	5129	5130	6097	183	96	70
14:24:00	34.0	6474	7438	5813	83	91	106	5069	4359	5014	5090	5157	6123	183	90	71
14:27:00	34.0	6535	7460	5951	84	91	104	5049	4341	4907	5149	5141	6042	180	86	75
14:30:00	34.0	6455	7425	5843	82	95	111	5048	4340	4966	5066	5051	6136	183	91	66
14:33:00	34.0	6491	7340	5948	76	99	111	5023	4390	4877	5087	5065	6127	185	85	64
14:36:00	34.0	6524	7302	5719	85	92	102	5132	4299	4867	4988	5043	6087	184	81	66
14:39:00	34.0	6468	7390	5865	84	97	107	5071	4370	4887	5019	5095	6040	176	81	74
14:42:00	34.0	6429	7315	5869	84	97	101	5138	4381	4966	5056	5063	6009	185	88	72
14:45:00	34.0	6485	7340	5755	82	94	102	5068	4397	4967	5095	5128	6027	183	91	78
14:48:00	34.0	6463	7382	5885	86	84	107	5034	4399	4918	5104	5191	6132	189	95	73
14:51:00	34.0	6496	7397	5847	84	101	117	5135	4425	4921	5148	5219	6108	189	93	70
14:54:00	34.0	6411	7482	5934	84	95	107	4995	4336	5029	5029	5119	6031	186	98	72
14:57:00	34.0	6519	7361	5903	79	100	113	5086	4422	4952	5095	5085	6064	189	94	70
15:00:00	34.0	6479	7277	5794	86	92	105	5095	4347	4950	5097	5111	6165	196	92	75
15:03:00	34.0	6507	7351	5870	87	97	109	5113	4422	4890	5086	4973	6063	188	92	69
15:06:00	34.0	6590	7386	5824	81	99	107	5231	4410	4826	5047	5140	6058	199	97	70
15:09:00	34.0	6559	7362	5790	84	94	110	5027	4355	4986	5095	5063	6065	191	87	71
15:12:00	34.0	6531	7522	5887	86	99	112	5058	4374	4895	5057	5112	5995	193	95	79
15:15:00	34.0	6484	7455	5869	85	96	113	5028	4483	4904	5066	5066	6095	187	94	73
15:18:00	34.0	6512	7435	5797	80	96	113	5097	4378	4936	5027	5140	6086	186	98	69
15:21:00	34.0	6485	7315	6003	85	100	115	5059	4431	4821	5000	5076	6221	195	99	67
15:24:00	34.0	6489	7438	5926	89	108	109	5105	4330	4946	5084	5216	6122	195	95	71
15:27:00	34.0	6467	7493	5802	86	100	110	5060	4355	4907	5000	5064	6119	189	105	74
15:30:00	34.0	6513	7505	5939	89	103	109	5063	4398	4892	5056	5098	5983	196	93	66
15:33:00	34.0	6491	7443	5839	89	99	116	5033	4390	4904	5100	5166	6071	196	95	73
15:36:00	34.0	6564	7268	5832	88	100	114	5018	4389	4967	5033	5181	6080	194	106	71
15:39:00	34.0	6569	7313	5918	85	98	121	4972	4445	4962	5057	5154	5966	197	101	67
15:42:00	34.0	6528	7392	5902	75	102	115	5054	4344	4927	5141	5109	6031	187	87	76
15:45:00	34.0	6440	7289	5834	90	97	108	5004	4343	5023	5053	5051	6029	193	96	71
15:48:00	34.0	6405	7284	5844	87	100	115	5064	4414	4929	5118	5082	6029	193	101	74
15:51:00	34.0	6548	7473	5924	88	97	121	5084	4407	4945	5100	5140	6082	200	99	78
15:54:00	34.0	6447	7311	5917	87	104	107	5114	4462	4970	5018	5217	6148	195	102	77
15:57:00	34.0	6454	7369	5871	87	103	109	5113	4379	5003	5065	5115	6060	208	98	72
16:00:00	34.0	6515	7463	5883	90	94	115	5083	4443	4930	5093	5128	6004	191	96	76
16:03:00	34.0	6538	7494	5904	101	101	111	5053	4421	4976	5164	5188	6140	207	93	78
16:06:00	34.0	6530	7408	5798	92	97	114	5067	4346	4980	5053	5104	6075	206	101	75
16:09:00	34.0	6452	7388	5834	91	104	113	5140	4371	4992	5079	5124	6164	201	112	76
16:12:00	34.0	6517	7256	5900	90	104	110	5095	4382	4996	5040	5121	6072	202	98	72
16:15:00	34.0	6416	7409	5876	92	109	119	5069	4438	4930	5118	5077	6097	204	101	78
16:18:00	34.0	6615	7410	5973	88	94	116	5093	4335	4899	5091	5075	6032	197	97	74
16:21:00	34.0	6510	7479	5827	92	102	119	5101	4430	4947	5037	5121	6033	207	101	74
16:24:00	34.0	6543	7540	5941	90	103	110	5106	4485	4996	5152	5040	6123	193	97	75
16:27:00	34.0	6548	7439	5986	91	105	114	5162	4367	4953	5116	5056	6082	212	97	74
16:30:00	34.0	6509	7347	5875	89	100	112	5112	4441	4922	5106	5102	6020	204	103	87
16:33:00	34.0	6491	7458	5840	93	102	119	5113	4392	4965	4953	5108	6072	200	95	76
16:36:00	34.0	6445	7415	5848	85	102	110	5086	4334	4957	5054	5081	6046	200	100	75
16:39:00	34.0	6599	7489	5912	85	96	114	5040	4419	4901	5071	5098	6160	201	102	71
16:42:00	34.0	6504	7493	5757	95	100	120	5073	4410	4976	5048	5087	6080	208	111	73
16:45:00	34.0	6533	7433	5878	86	104	116	5103	4307	4878	5029	5113	6020	208	100	72
16:48:00	34.0	6513	7473	5912	99	101	112	5047	4401	4997	5093	5122	6055	213	96	75
16:51:00	34.0	6541	7367	5687	91	105	116	5055	4444	4906	5046	5180	6075	206	100	76
16:54:00	34.0	6558	7323	5832	91	97	115	5056	4413	4958	5003	5112	6061	209	103	74
16:57:00	34.0	6526	7436	6024	87	106	125	5083	4441	5019	5074	5057	6160	217	97	72
17:00:00	34.0	6515	7428	5979	96	106	112	5105	4388	4869	4957	5016	6087	204	109	70
17:03:00	34.0	6567	7427	5874	97	110	112	5088	4415	4960	5076	5066	6075	221	103	69
17:06:00	34.0	6487	7500	5925	96	101	123	5059	4447	4990	5108	5120	6126	208	114	79
17:09:00	34.0	6492	7413	5973	96	102	119	5139	4399	4876	5061	5115	6196	213	91	72
17:12:00	34.0	6471	7439	5890	88	106	120	5012	4431	4950	5054	5013	5995	210	101	82
17:15:00	34.1	6545	7417	5919	92	103	119	4972	4312	4944	5009	5064	6010	213	100	79
17:18:00	34.0	6528	7337	5931	92	103	117	4951	4360	4911	5055	5126	5977	212	109	80
17:21:00	34.0	6591	7312	5918	94	104	117	5075	4373	4992	5009	5152	6087	210	99	74
17:24:00	34.0	6464	7499	5837	85	103	124	5063	4358	4921	5063	5074	6063	211	103	77
17:27:00	34.0	6515	7407	5895	96	108	114	4982	4407	4932	5067	5209	6060	211	98	77
17:30:00	34.0	6430	7567	5809	88	103	118	5086	4365	4931	5079	5130	6043	208	97	79
17:33:00	34.0	6689	7546	5967	93	103	117	5081	4354	4927	5103	5008	6132	214	99	71
17:36:00	34.1	6612	7445	5952	85	111	119	5076	4410	4859	5018	5146	6170	217	101	79
17:39:00	34.0	6467	7457	5885	90	103	119	5073	4394	4928	5132	5065	6111	209	100	77
17:42:00	34.0	6465	7359	5912	98	111	117	5024	4380	4929	5031	5040	6021	216	105	75
17:45:00	34.0	6482	7474	5892	92	111	117	5076	4338	4915	5038	5076	6105	215	107	78
17:48:00	34.0	6502	7324	5947	90	102	119	5132	4420	4907	5043	5116	6102	222	102	73
17:51:00	34.0	6416	7411	5861	91	103	126	4995	4358	4855	5091	5173	6052	218	109	74
17:54:00	34.0	6523	7416	5912	100	113	114	5089	4422	4965	5081	5045	6158	210	101	81
17:57:00	34.0	6460	7508	5969	95	109	125	5071	4391	4915	5034	5137	6069	223	103	78
18:00:00	34.0	6549	7527	5979	97	103	128	5050	4368	4925	5032	5148	6111	216	95	80
18:03:00	34.0	6568	7320	5890	94	105	121	5025	4460	4869	5036	5091	5903	208	101	80
0:00:00																
0:00:00																
0:00:00																
0:00:00																
0:00:00																
0:00:00																
0:00:00																
0:00:00																
0:00:00																
0:00:00																
0:00:00																
0:00:00																
0:00:00																
0:00:00																
0:00:00																
0:00:00																
0:00:00																
0:00:00																
0:00:00																
0:00:00																
0:00:00																
0:00:00																
0:00:00																
0:00:00																
0:00:00																
0:00:00																
0:00:00																
0:00:00																
0:00:00																
0:00:00																
0:00:00																
0:00:00																
0:00:00																
0:00:00																
0:00:00																
0:00:00																
0:00:00																
0:00:00																
0:00:00																
0:00:00																
0:00:00																
0:00:00																
0:00:00																
0:00:00																
0:00:00																
0:00:00																
0:00:00																
0:00:00																
0:00:00																
0:00:00																
0:00:00																
0:00:00																
0:00:00																
0:00:00																
0:00:00																
0:00:00																
0:00:00																
0:00:00																
0:00:00																
0:00:00																
0:00:00																
0:00:00																
0:00:00																
0:00:00																
0:00:00																
0:00:00																
0:00:00																
0:00:00																
0:00:00																
0:00:00																
0:00:00																
0:00:00																
0:00:00																
0:00:00																
0:00:00																
0:00:00																
0:00:00																
0:00:00																
0:00:00																
0:00:00																
0:00:00																
0:00:00																
0:00:00																
0:00:00																
0:00:00																
0:00:00																
0:00:00																
0:00:00																
0:00:00																
0:00:00																
0:00:00																
0:00:00																
0:00:00																
0:00:00																
0:00:00																
0:00:00																
0:00:00																
0:00:00																
0:00:00																
0:00:00																
0:00:00																
0:00:00																
0:00:00																
0:00:00																
0:00:00																
0:00:00																
0:00:00																
0:00:00																
0:00:00																
0:00:00																
0:00:00																
0:00:00																
0:00:00																
0:00:00																
0:00:00																
0:00:00																
0:00:00																
0:00:00																
0:00:00																

gfp:485,515[2]

Time	T° gfp:485,515[2]	L22	L23	L24	M22	M23	M24	N22	N23	N24	O22	O23	O24	P22	P23	P24
0:00:09	27.0	2005	2318	2332	2843	2853	3020	2396	2203	2390	2136	2579	2431	2264	1106	752
0:03:09	30.6	2067	2202	2196	2716	2675	2772	2282	2167	2296	2155	2661	2340	2155	1052	691
0:06:09	33.4	2054	2148	2155	2548	2494	2535	2329	2034	2206	2151	2478	2298	2050	1015	722
0:09:09	34.0	1958	2192	2201	2315	2303	2369	2264	2075	2132	2172	2568	2300	1928	974	709
0:12:09	34.0	2022	2208	2187	2104	2130	2261	2280	2084	2196	2051	2634	2310	1706	984	648
0:15:09	34.0	2163	2365	2332	1567	1948	2183	2006	2071	2036	1998	2242	1951	943	784	571
0:18:09	34.0	2241	2260	2356	1026	1842	1920	1625	1523	1466	1891	2449	2347	672	620	519
0:21:09	34.0	3549	2984	3287	841	1725	1650	2280	1767	1930	3092	3866	3961	966	686	560
0:24:09	34.0	5704	4829	5357	727	1392	1170	3262	2431	2760	4383	5248	5724	912	647	527
0:27:09	34.0	7751	6548	7698	623	995	837	4096	3152	3495	5816	7007	7674	952	669	520
0:30:09	34.0	10437	8391	9409	594	715	663	4784	3691	4171	7547	8504	9293	885	634	520
0:33:09	34.0	12256	10864	11563	544	600	607	5717	4325	4934	8956	9999	10879	882	615	480
0:36:09	34.0	14376	13068	13659	540	534	567	6697	4990	5860	10299	11876	12947	881	630	501
0:39:09	34.0	16576	15238	15706	535	507	515	7478	5611	6638	11752	13566	15029	918	632	491
0:42:09	34.0	18523	17885	17561	544	506	521	8915	6354	7667	13078	15586	17330	888	612	471
0:45:09	34.0	21483	20654	19455	598	545	532	10186	7005	8824	15374	17561	19020	956	630	457
0:48:09	34.0	23492	23266	21774	608	597	554	11262	7909	10142	16401	19574	20658	896	563	470
0:51:09	34.0	25466	26471	23026	561	603	584	12964	8952	11570	18848	21899	23165	911	602	491
0:54:09	34.0	27803	29110	25358	554	624	608	14645	9960	12224	20147	23734	25185	933	589	481
0:57:09	34.0	30503	32212	27087	552	663	581	15595	11082	13707	22082	25822	27161	1009	568	474
1:00:09	34.0	32243	35470	28431	610	605	633	17170	12360	15613	23449	27933	29311	960	638	490
1:03:09	34.0	33899	38514	30698	592	606	549	18864	13473	16737	25523	30766	31798	1025	608	513
1:06:09	34.0	36451	40800	32607	562	609	564	20798	14570	18014	27199	33027	33802	1033	647	478
1:09:09	34.0	38726	42536	34170	578	539	574	22325	16114	19661	28917	35624	35838	1001	623	485
1:12:09	34.0	40876	45840	35727	553	601	567	24034	16903	20940	30924	37248	38216	1090	699	499
1:15:09	34.0	42429	48674	37958	560	537	571	25302	18688	22393	33094	39726	39482	1106	697	487
1:18:09	34.0	45013	51222	40088	533	569	544	27942	19910	24029	34042	41707	41782	1081	651	494
1:21:09	34.0	46324	53407	41999	622	569	556	29257	20725	25667	37156	44232	45462	1177	716	558
1:24:09	34.1	49328	56737	44125	580	543	570	32084	22348	26925	38359	47838	47221	1221	738	520
1:27:09	34.0	50879	58776	46243	570	526	505	33768	23723	28652	40850	49935	49095	1249	744	550
1:30:09	34.0	53372	62758	47086	577	525	535	34818	24847	29892	42195	52461	50576	1279	722	513
1:33:09	34.0	55762	65250	49014	571	542	605	36301	26310	31188	43656	54508	54358	1262	752	530
1:36:09	34.0	55959	66771	50959	641	531	617	38419	27704	33514	45050	56155	55124	1373	751	501
1:39:09	34.0	59599	70529	53140	630	552	573	40557	28954	34466	48357	61204	58269	1369	761	562
1:42:09	34.0	60282	74015	54583	618	543	597	42691	29910	36763	49132	61768	59629	1406	788	554
1:45:09	34.0	63297	74013	57213	649	560	585	44552	32081	38517	50461	63636	62558	1365	782	590
1:48:09	34.0	65390	78075	59143	617	597	606	46797	33298	40224	53950	67430	65312	1478	811	575
1:51:09	34.0	67924	80996	61084	599	596	580	48509	34133	42068	54386	69224	65694	1518	792	578
1:54:09	34.0	68877	82366	61839	636	627	602	51053	36397	43187	55959	71325	68845	1500	823	585
1:57:09	34.0	72724	87431	62985	655	652	598	52827	38039	44646	58891	74483	70823	1495	870	619
2:00:09	34.0	73403	89303	67149	661	592	617	54051	40033	47431	59053	76334	73757	1605	774	603
2:03:09	34.0	74375	92450	68491	732	640	620	56061	41429	48757	61451	79124	75641	1593	793	585
2:06:09	34.1	78002	92995	70469	717	699	630	58025	43121	51096	64739	80443	78006	1629	865	638
2:09:09	34.0	79116	95191	73133	698	682	652	60122	44616	52282	66031	82642	80321	1650	847	611
2:12:09	34.0	80767	99426	72827	784	705	713	62176	46107	53851	68454	85339	82814	1633	889	594
2:15:09	34.0	84500	OVRFLW	76877	757	668	718	62693	47413	56729	70918	87213	84566	1708	880	609
2:18:09	34.0	86431	OVRFLW	78888	788	713	722	66199	48783	58181	72178	88987	87899	1728	854	637
2:21:09	34.0	88450	OVRFLW	81665	792	754	728	67856	50972	59365	75834	92291	90061	1791	912	655
2:24:09	34.0	88522	OVRFLW	82231	800	739	758	69237	53269	62258	76174	92042	92052	1719	911	616
2:27:09	34.0	92037	OVRFLW	83788	799	820	759	71136	53932	64047	76749	95050	93506	1834	875	629
2:30:09	34.0	91854	OVRFLW	86123	833	811	742	72238	56606	65236	80228	97558	96357	1893	883	649
2:33:09	34.0	94033	OVRFLW	87699	844	811	804	74027	59194	66265	83087	98182	97887	1882	874	640
2:36:09	34.1	98744	OVRFLW	91531	905	816	849	74632	59003	69674	85126	OVRFLW	OVRFLW	1961	934	646
2:39:09	34.0	98925	OVRFLW	91660	865	749	841	78516	61215	70843	85779	OVRFLW	OVRFLW	1860	929	619
2:42:09	34.0	OVRFLW	OVRFLW	94918	870	791	864	79749	63099	72292	87043	OVRFLW	OVRFLW	1900	913	663
2:45:09	34.0	OVRFLW	OVRFLW	96785	925	816	909	81367	64053	74625	90737	OVRFLW	OVRFLW	2006	978	642
2:48:09	34.0	OVRFLW	OVRFLW	99894	860	891	869	82226	66415	77121	93512	OVRFLW	OVRFLW	2099	952	682
2:51:09	34.0	OVRFLW	OVRFLW	OVRFLW	956	869	870	85143	67779	79329	94473	OVRFLW	OVRFLW	2021	890	611
2:54:09	34.0	OVRFLW	OVRFLW	OVRFLW	929	919	859	86028	69782	79666	94485	OVRFLW	OVRFLW	2017	968	632
2:57:09	34.0	OVRFLW	OVRFLW	OVRFLW	943	893	881	86441	71542	83570	98773	OVRFLW	OVRFLW	2116	945	694
3:00:09	34.0	OVRFLW	OVRFLW	OVRFLW	950	923	863	90098	73383	82713	OVRFLW	OVRFLW	OVRFLW	2186	964	669
3:03:09	34.0	OVRFLW	OVRFLW	OVRFLW	960	909	901	92288	74986	87171	OVRFLW	OVRFLW	OVRFLW	2218	991	703
3:06:09	34.0	OVRFLW	OVRFLW	OVRFLW	975	907	988	89244	77300	86646	OVRFLW	OVRFLW	OVRFLW	2168	979	690
3:09:09	34.0	OVRFLW	OVRFLW	OVRFLW	1024	953	972	93298	77552	90453	OVRFLW	OVRFLW	OVRFLW	2322	988	696
3:12:09	34.0	OVRFLW	OVRFLW	OVRFLW	948	948	933	94496	77865	92077	OVRFLW	OVRFLW	OVRFLW	2297	970	717
3:15:09	34.0	OVRFLW	OVRFLW	OVRFLW	956	987	954	96181	80993	94121	OVRFLW	OVRFLW	OVRFLW	2337	1035	708
3:18:09	34.0	OVRFLW	OVRFLW	OVRFLW	989	958	953	96365	83399	94930	OVRFLW	OVRFLW	OVRFLW	2307	1026	684
3:21:09	34.0	OVRFLW	OVRFLW	OVRFLW	1038	961	948	96262	82767	98071	OVRFLW	OVRFLW	OVRFLW	2355	1068	726
3:24:09	34.0	OVRFLW	OVRFLW	OVRFLW	1054	978	1037	99343	84936	99761	OVRFLW	OVRFLW	OVRFLW	2312	1020	714
3:27:09	34.0	OVRFLW	OVRFLW	OVRFLW	988	970	993	OVRFLW	85824	OVRFLW	OVRFLW	OVRFLW	OVRFLW	2341	1049	744
3:30:09	34.0	OVRFLW	OVRFLW	OVRFLW	1106	1017	1041	OVRFLW	86836	OVRFLW	OVRFLW	OVRFLW	OVRFLW	2365	1105	736
3:33:09	34.0	OVRFLW	OVRFLW	OVRFLW	1070	992	1011	OVRFLW	88720	OVRFLW	OVRFLW	OVRFLW	OVRFLW	2375	1011	754
3:36:09	34.0	OVRFLW	OVRFLW	OVRFLW	1096	1055	970	OVRFLW	90928	OVRFLW	OVRFLW	OVRFLW	OVRFLW	2504	1000	718
3:39:09	34.0	OVRFLW	OVRFLW	OVRFLW	1113	1009	1018	OVRFLW	93874	OVRFLW	OVRFLW	OVRFLW	OVRFLW	2451	1011	716
3:42:09	34.0	OVRFLW	OVRFLW	OVRFLW	1083	1058	1041	OVRFLW	92083	OVRFLW	OVRFLW	OVRFLW	OVRFLW	2496	1048	750
3:45:09	34.0	OVRFLW	OVRFLW	OVRFLW	1069	1052	1002	OVRFLW	93203	OVRFLW	OVRFLW	OVRFLW	OVRFLW	2559	1054	727
3:48:09	34.0	OVRFLW	OVRFLW	OVRFLW	1150	1071	1113	OVRFLW	95015	OVRFLW	OVRFLW	OVRFLW	OVRFLW	2594	1039	763
3:51:09	34.0	OVRFLW	OVRFLW	OVRFLW	1121	1057	1028	OVRFLW	96936	OVRFLW	OVRFLW	OVRFLW	OVRFLW	2570	1076	758
3:54:09	34.0	OVRFLW	OVRFLW	OVRFLW	1120	1031	1077	OVRFLW	96045	OVRFLW	OVRFLW	OVRFLW	OVRFLW	2635	1097	764
3:57:09	34.0	OVRFLW	OVRFLW	OVRFLW	1110	1116	1106	OVRFLW	99153	OVRFLW	OVRFLW	OVRFLW	OVRFLW	2537	1092	768
4:00:09	34.0	OVRFLW	OVRFLW	OVRFLW	1141	1092	1124	OVRFLW	OVRFLW	OVRFLW	OVRFLW	OVRFLW	OVRFLW	2574	1124	803
4:03:09	34.0	OVRFLW	OVRFLW	OVRFLW	1122	1133	1148	OVRFLW	OVRFLW	OVRFLW	OVRFLW	OVRFLW	OVRFLW	2662	1186	733
4:06:09	34.0	OVRFLW	OVRFLW	OVRFLW	1145	1086	1170	OVRFLW	OVRFLW	OVRFLW	OVRFLW	OVRFLW	OVRFLW	2560	1084	721
4:09:09	34.0	OVRFLW	OVRFLW	OVRFLW	1170	1120	1184	OVRFLW	OVRFLW	OVRFLW	OVRFLW	OVRFLW	OVRFLW	2766	1099	830
4:12:09	34.0	OVRFLW	OVRFLW	OVRFLW	1231	1131	1184	OVRFLW	OVRFLW	OVRFLW	OVRFLW	OVRFLW	OVRFLW	2559	1093	769
4:15:09	34.0	OVRFLW	OVRFLW	OVRFLW	1199	1184	1150	OVRFLW	OVRFLW	OVRFLW	OVRFLW	OVRFLW	OVRFLW	2616	1121	812
4:18:09	34.0	OVRFLW	OVRFLW	OVRFLW	1211	1167	1215	OVRFLW	OVRFLW	OVRFLW	OVRFLW	OVRFLW	OVRFLW	2687	1091	782
4:21:09	34.0	OVRFLW	OVRFLW	OVRFLW	1169	1198	1168	OVRFLW	OVRFLW	OVRFLW	OVRFLW	OVRFLW	OVRFLW	2756	1126	825
4:24:09	34.0	OVRFLW	OVRFLW	OVRFLW	1206	1172	1199	OVRFLW	OVRFLW	OVRFLW	OVRFLW	OVRFLW	OVRFLW	2789	1123	781
4:27:09	34.0	OVRFLW	OVRFLW	OVRFLW	1216	1242	1254	OVRFLW	OVRFLW	OVRFLW	OVRFLW	OVRFLW	OVRFLW	2736	1112	864
4:30:09	34.0	OVRFLW	OVRFLW	OVRFLW	1275	1209	1214	OVRFLW	OVRFLW	OVRFLW	OVRFLW	OVRFLW	OVRFLW	2777	1169	873
4:33:09	34.0	OVRFLW	OVRFLW	OVRFLW	1249	1248	1257	OVRFLW	OVRFLW	OVRFLW	OVRFLW	OVRFLW	OVRFLW	2817	1159	801
4:36:09	34.0	OVRFLW	OVRFLW	OVRFLW	1197	1237	1277	OVRFLW	OVRFLW	OVRFLW	OVRFLW	OVRFLW	OVRFLW	2872	1150	816
4:39:09	34.0	OVRFLW	OVRFLW	OVRFLW	1212	1223	1219	OVRFLW	OVRFLW	OVRFLW	OVRFLW	OVRFLW	OVRFLW	2911	1126	858
4:42:09	34.0	OVRFLW	OVRFLW	OVRFLW	1251	1232	1265	OVRFLW	OVRFLW	OVRFLW	OVRFLW	OVRFLW	OVRFLW	2883	1162	821
4:45:09	34.0	OVRFLW	OVRFLW	OVRFLW	1244	1246	1275	OVRFLW	OVRFLW	OVRFLW	OVRFLW	OVRFLW	OVRFLW	2979	1142	835
4:48:09	34.0	OVRFLW	OVRFLW	OVRFLW	1259	1240	1364	OVRFLW	OVRFLW	OVRFLW	OVRFLW	OVRFLW	OVRFLW	2892	1235	839
4:51:09	34.0	OVRFLW	OVRFLW	OVRFLW	1269	1285	1310	OVRFLW	OVRFLW	OVRFLW	OVRFLW	OVRFLW	OVRFLW	3001	1204	838
4:54:09	34.0	OVRFLW	OVRFLW	OVRFLW	1285	1288	1326	OVRFLW	OVRFLW	OVRFLW	OVRFLW	OVRFLW	OVRFLW	2951	1178	878
4:57:09	34.0	OVRFLW	OVRFLW	OVRFLW	1212	1319	1363	OVRFLW	OVRFLW	OVRFLW	OVRFLW	OVRFLW	OVRFLW	2953	1217	903
5:00:09	34.0	OVRFLW	OVRFLW	OVRFLW	1353	1296	1324	OVRFLW	OVRFLW	OVRFLW	OVRFLW	OVRFLW	OVRFLW	2984	1221	901
5:03:09	34.0	OVRFLW	OVRFLW	OVRFLW	1304	1386	1374	OVRFLW	OVRFLW	OVRFLW	OVRFLW	OVRFLW	OVRFLW	2942	1217	837
5:06:09	34.0	OVRFLW	OVRFLW	OVRFLW	1320	1323	1330	OVRFLW	OVRFLW	OVRFLW	OVRFLW	OVRFLW	OVRFLW	3098	1282	853
5:09:09	34.0	OVRFLW	OVRFLW	OVRFLW	1316	1351	1422	OVRFLW	OVRFLW	OVRFLW	OVRFLW	OVRFLW	OVRFLW	3002	1241	885
5:12:09	34.0	OVRFLW	OVRFLW	OVRFLW	1314	1323	1380	OVRFLW	OVRFLW	OVRFLW	OVRFLW	OVRFLW	OVRFLW	3079	1248	871
5:15:09	34.0	OVRFLW	OVRFLW	OVRFLW	1296	1332	1415	OVRFLW	OVRFLW	OVRFLW	OVRFLW	OVRFLW	OVRFLW	3098	1192	917
5:18:09	34.0	OVRFLW	OVRFLW	OVRFLW	1341	1407	1409	OVRFLW	OVRFLW	OVRFLW	OVRFLW	OVRFLW	OVRFLW	2969	1238	908
5:21:09	34.0	OVRFLW	OVRFLW	OVRFLW	1383	1422	1454	OVRFLW	OVRFLW	OVRFLW	OVRFLW	OVRFLW	OVRFLW	3084	1256	921
5:24:09	34.0	OVRFLW	OVRFLW	OVRFLW	1412	1402	1461	OVRFLW	OVRFLW	OVRFLW	OVRFLW	OVRFLW	OVRFLW	3220	1229	970
5:27:09	34.0	OVRFLW	OVRFLW	OVRFLW	1325	1427	1489	OVRFLW	OVRFLW	OVRFLW	OVRFLW	OVRFLW	OVRFLW	3223	1357	893
5:30:09	34.0	OVRFLW	OVRFLW	OVRFLW	1378	1476	1481	OVRFLW	OVRFLW	OVRFLW	OVRFLW	OVRFLW	OVRFLW	3180	1317	897
5:33:09	34.0	OVRFLW	OVRFLW	OVRFLW	1449	1476	1489	OVRFLW	OVRFLW	OVRFLW	OVRFLW	OVRFLW	OVRFLW	3177	1302	954
5:36:09	34.0	OVRFLW	OVRFLW	OVRFLW	1372	1494	1501	OVRFLW	OVRFLW	OVRFLW	OVRFLW	OVRFLW	OVRFLW	3266	1317	883
5:39:09	34.0	OVRFLW	OVRFLW	OVRFLW	1497	1408	1514	OVRFLW	OVRFLW	OVRFLW	OVRFLW	OVRFLW	OVRFLW	3290	1327	941
5:42:09	34.0	OVRFLW	OVRFLW	OVRFLW	1470	1469	1528	OVRFLW	OVRFLW	OVRFLW	OVRFLW	OVRFLW	OVRFLW	3224	1270	926
5:45:09	34.0	OVRFLW	OVRFLW	OVRFLW	1450	1494	1627	OVRFLW	OVRFLW	OVRFLW	OVRFLW	OVRFLW	OVRFLW	3219	1303	887
5:48:09	34.0	OVRFLW	OVRFLW	OVRFLW	1446	1448	1672	OVRFLW	OVRFLW	OVRFLW	OVRFLW	OVRFLW	OVRFLW	3286	1344	936
5:51:09	33.9	OVRFLW	OVRFLW	OVRFLW	1439	1577	1667	OVRFLW	OVRFLW	OVRFLW	OVRFLW	OVRFLW	OVRFLW	3360	1319	891
5:54:09	34.0	OVRFLW	OVRFLW	OVRFLW	1484	1505	1563	OVRFLW	OVRFLW	OVRFLW	OVRFLW	OVRFLW	OVRFLW	3355	1350	936
5:57:09	34.0	OVRFLW	OVRFLW	OVRFLW	1506	1574	1579	OVRFLW	OVRFLW	OVRFLW	OVRFLW	OVRFLW	OVRFLW	3466	1409	952
6:00:09	34.0	OVRFLW	OVRFLW	OVRFLW	1511	1561	1634	OVRFLW	OVRFLW	OVRFLW	OVRFLW	OVRFLW	OVRFLW	3382	1345	963
6:03:09	34.0	OVRFLW	OVRFLW	OVRFLW	1535	1553	1638	OVRFLW	OVRFLW	OVRFLW	OVRFLW	OVRFLW	OVRFLW	3434	1332	953
6:06:09	34.0	OVRFLW	OVRFLW	OVRFLW	1544	1623	1617	OVRFLW	OVRFLW	OVRFLW	OVRFLW	OVRFLW	OVRFLW	3347	1354	1006
6:09:09	34.0	OVRFLW	OVRFLW	OVRFLW	1505	1615	1691	OVRFLW	OVRFLW	OVRFLW	OVRFLW	OVRFLW	OVRFLW	3345	1329	1038
6:12:09	34.0	OVRFLW	OVRFLW	OVRFLW	1496	1563	1719	OVRFLW	OVRFLW	OVRFLW	OVRFLW	OVRFLW	OVRFLW	3478	1384	947
6:15:09	34.0	OVRFLW	OVRFLW	OVRFLW	1535	1679	1641	OVRFLW	OVRFLW	OVRFLW	OVRFLW	OVRFLW	OVRFLW	3424	1409	993
6:18:09	34.0	OVRFLW	OVRFLW	OVRFLW	1521	1608	1815	OVRFLW	OVRFLW	OVRFLW	OVRFLW	OVRFLW	OVRFLW	3504	1401	997
6:21:09	34.0	OVRFLW	OVRFLW	OVRFLW	1582	1634	1775	OVRFLW	OVRFLW	OVRFLW	OVRFLW	OVRFLW	OVRFLW	3443	1463	972
6:24:09	34.0	OVRFLW	OVRFLW	OVRFLW	1535	1677	1781	OVRFLW	OVRFLW	OVRFLW	OVRFLW	OVRFLW	OVRFLW	3585	1446	1003
6:27:09	34.0	OVRFLW	OVRFLW	OVRFLW	1598	1689	1707	OVRFLW	OVRFLW	OVRFLW	OVRFLW	OVRFLW	OVRFLW	3593	1425	1003
6:30:09	34.0	OVRFLW	OVRFLW	OVRFLW	1603	1769	1714	OVRFLW	OVRFLW	OVRFLW	OVRFLW	OVRFLW	OVRFLW	3581	1477	1059
6:33:09	34.0	OVRFLW	OVRFLW	OVRFLW	1649	1690	1753	OVRFLW	OVRFLW	OVRFLW	OVRFLW	OVRFLW	OVRFLW	3538	1480	1000
6:36:09	34.0	OVRFLW	OVRFLW	OVRFLW	1629	1667	1955	OVRFLW	OVRFLW	OVRFLW	OVRFLW	OVRFLW	OVRFLW	3554	1423	1040
6:39:09	34.0	OVRFLW	OVRFLW	OVRFLW	1635	1751	1826	OVRFLW	OVRFLW	OVRFLW	OVRFLW	OVRFLW	OVRFLW	3572	1450	1016
6:42:09	34.0	OVRFLW	OVRFLW	OVRFLW	1663	1747	1795	OVRFLW	OVRFLW	OVRFLW	OVRFLW	OVRFLW	OVRFLW	3667	1504	992
6:45:09	34.0	OVRFLW	OVRFLW	OVRFLW	1640	1690	1867	OVRFLW	OVRFLW	OVRFLW	OVRFLW	OVRFLW	OVRFLW	3620	1492	1042
6:48:09	34.0	OVRFLW	OVRFLW	OVRFLW	1576	1730	1901	OVRFLW	OVRFLW	OVRFLW	OVRFLW	OVRFLW	OVRFLW	3704	1459	1060
6:51:09	34.0	OVRFLW	OVRFLW	OVRFLW	1793	1815	1912	OVRFLW	OVRFLW	OVRFLW	OVRFLW	OVRFLW	OVRFLW	3734	1454	1018
6:54:09	34.0	OVRFLW	OVRFLW	OVRFLW	1802	1823	1926	OVRFLW	OVRFLW	OVRFLW	OVRFLW	OVRFLW	OVRFLW	3820	1444	1031
6:57:09	34.0	OVRFLW	OVRFLW	OVRFLW	1693	1852	1953	OVRFLW	OVRFLW	OVRFLW	OVRFLW	OVRFLW	OVRFLW	3721	1526	1046
7:00:09	34.0	OVRFLW	OVRFLW	OVRFLW	1750	1828	1981	OVRFLW	OVRFLW	OVRFLW	OVRFLW	OVRFLW	OVRFLW	3752	1477	1099
7:03:09	34.0	OVRFLW	OVRFLW	OVRFLW	1801	1826	1911	OVRFLW	OVRFLW	OVRFLW	OVRFLW	OVRFLW	OVRFLW	3909	1507	1120
7:06:09	34.0	OVRFLW	OVRFLW	OVRFLW	1798	1931	2042	OVRFLW	OVRFLW	OVRFLW	OVRFLW	OVRFLW	OVRFLW	3840	1545	1080
7:09:09	34.0	OVRFLW	OVRFLW	OVRFLW	1820	1844	2076	OVRFLW	OVRFLW	OVRFLW	OVRFLW	OVRFLW	OVRFLW	3950	1536	1102
7:12:09	34.0	OVRFLW	OVRFLW	OVRFLW	1831	1903	2094	OVRFLW	OVRFLW	OVRFLW	OVRFLW	OVRFLW	OVRFLW	3987	1537	1093
7:15:09	34.0	OVRFLW	OVRFLW	OVRFLW	1795	1900	2039	OVRFLW	OVRFLW	OVRFLW	OVRFLW	OVRFLW	OVRFLW	3773	1476	1119
7:18:09	34.0	OVRFLW	OVRFLW	OVRFLW	1800	1861	2110	OVRFLW	OVRFLW	OVRFLW	OVRFLW	OVRFLW	OVRFLW	3943	1569	1084
7:21:09	34.0	OVRFLW	OVRFLW	OVRFLW	1747	1908	2094	OVRFLW	OVRFLW	OVRFLW	OVRFLW	OVRFLW	OVRFLW	4031	1625	1048
7:24:09	34.0	OVRFLW	OVRFLW	OVRFLW	1843	1928	2110	OVRFLW	OVRFLW	OVRFLW	OVRFLW	OVRFLW	OVRFLW	3877	1621	1070
7:27:09	34.0	OVRFLW	OVRFLW	OVRFLW	1899	2001	2028	OVRFLW	OVRFLW	OVRFLW	OVRFLW	OVRFLW	OVRFLW	3953	1524	1129
7:30:09	34.0	OVRFLW	OVRFLW	OVRFLW	1904	1943	2130	OVRFLW	OVRFLW	OVRFLW	OVRFLW	OVRFLW	OVRFLW	4142	1627	1179
7:33:09	34.0	OVRFLW	OVRFLW	OVRFLW	1925	2019	2132	OVRFLW	OVRFLW	OVRFLW	OVRFLW	OVRFLW	OVRFLW	4073	1565	1136
7:36:09	34.0	OVRFLW	OVRFLW	OVRFLW	1775	1984	2106	OVRFLW	OVRFLW	OVRFLW	OVRFLW	OVRFLW	OVRFLW	4065	1634	1169
7:39:09	34.0	OVRFLW	OVRFLW	OVRFLW	1895	1964	2187	OVRFLW	OVRFLW	OVRFLW	OVRFLW	OVRFLW	OVRFLW	3954	1653	1158
7:42:09	34.0	OVRFLW	OVRFLW	OVRFLW	1826	2015	2062	OVRFLW	OVRFLW	OVRFLW	OVRFLW	OVRFLW	OVRFLW	4078	1645	1193
7:45:09	34.0	OVRFLW	OVRFLW	OVRFLW	1921	2050	2129	OVRFLW	OVRFLW	OVRFLW	OVRFLW	OVRFLW	OVRFLW	4115	1588	1203
7:48:09	34.0	OVRFLW	OVRFLW	OVRFLW	1863	1908	2174	OVRFLW	OVRFLW	OVRFLW	OVRFLW	OVRFLW	OVRFLW	4038	1632	1163
7:51:09	34.0	OVRFLW	OVRFLW	OVRFLW	1893	2073	2190	OVRFLW	OVRFLW	OVRFLW	OVRFLW	OVRFLW	OVRFLW	4116	1694	1218
7:54:09	34.0	OVRFLW	OVRFLW	OVRFLW	1869	2134	2182	OVRFLW	OVRFLW	OVRFLW	OVRFLW	OVRFLW	OVRFLW	4065	1681	1262
7:57:09	34.0	OVRFLW	OVRFLW	OVRFLW	1991	2118	2278	OVRFLW	OVRFLW	OVRFLW	OVRFLW	OVRFLW	OVRFLW	4188	1735	1204
8:00:09	34.0	OVRFLW	OVRFLW	OVRFLW	1992	2049	2254	OVRFLW	OVRFLW	OVRFLW	OVRFLW	OVRFLW	OVRFLW	4139	1808	1178
8:03:09	34.0	OVRFLW	OVRFLW	OVRFLW	1942	2149	2217	OVRFLW	OVRFLW	OVRFLW	OVRFLW	OVRFLW	OVRFLW	4332	1815	1252
8:06:09	34.0	OVRFLW	OVRFLW	OVRFLW	1980	1991	2238	OVRFLW	OVRFLW	OVRFLW	OVRFLW	OVRFLW	OVRFLW	4163	1776	1254
8:09:09	34.0	OVRFLW	OVRFLW	OVRFLW	2007	2120	2355	OVRFLW	OVRFLW	OVRFLW	OVRFLW	OVRFLW	OVRFLW	4303	1734	1212
8:12:09	34.0	OVRFLW	OVRFLW	OVRFLW	1993	2133	2298	OVRFLW	OVRFLW	OVRFLW	OVRFLW	OVRFLW	OVRFLW	4247	1785	1264
8:15:09	34.0	OVRFLW	OVRFLW	OVRFLW	1969	2029	2301	OVRFLW	OVRFLW	OVRFLW	OVRFLW	OVRFLW	OVRFLW	4241	1781	1276
8:18:09	34.0	OVRFLW	OVRFLW	OVRFLW	2027	2099	2304	OVRFLW	OVRFLW	OVRFLW	OVRFLW	OVRFLW	OVRFLW	4434	1784	1228
8:21:09	34.0	OVRFLW	OVRFLW	OVRFLW	2072	2153	2237	OVRFLW	OVRFLW	OVRFLW	OVRFLW	OVRFLW	OVRFLW	4379	1815	1251
8:24:09	34.0	OVRFLW	OVRFLW	OVRFLW	2029	2199	2322	OVRFLW	OVRFLW	OVRFLW	OVRFLW	OVRFLW	OVRFLW	4399	1861	1316
8:27:09	34.0	OVRFLW	OVRFLW	OVRFLW	2005	2094	2304	OVRFLW	OVRFLW	OVRFLW	OVRFLW	OVRFLW	OVRFLW	4321	1816	1324
8:30:09	34.0	OVRFLW	OVRFLW	OVRFLW	2098	2268	2454	OVRFLW	OVRFLW	OVRFLW	OVRFLW	OVRFLW	OVRFLW	4349	1779	1326
8:33:09	34.0	OVRFLW	OVRFLW	OVRFLW	2020	2166	2372	OVRFLW	OVRFLW	OVRFLW	OVRFLW	OVRFLW	OVRFLW	4476	1762	1358
8:36:09	34.0	OVRFLW	OVRFLW	OVRFLW	2052	2164	2395	OVRFLW	OVRFLW	OVRFLW	OVRFLW	OVRFLW	OVRFLW	4639	1968	1275
8:39:09	34.0	OVRFLW	OVRFLW	OVRFLW	2056	2173	2352	OVRFLW	OVRFLW	OVRFLW	OVRFLW	OVRFLW	OVRFLW	4540	1912	1350
8:42:09	34.0	OVRFLW	OVRFLW	OVRFLW	2070	2244	2412	OVRFLW	OVRFLW	OVRFLW	OVRFLW	OVRFLW	OVRFLW	4553	1863	1407
8:45:09	34.0	OVRFLW	OVRFLW	OVRFLW	2108	2160	2363	OVRFLW	OVRFLW	OVRFLW	OVRFLW	OVRFLW	OVRFLW	4449	1947	1335
8:48:09	34.0	OVRFLW	OVRFLW	OVRFLW	2057	2271	2450	OVRFLW	OVRFLW	OVRFLW	OVRFLW	OVRFLW	OVRFLW	4524	1938	1398
8:51:09	34.0	OVRFLW	OVRFLW	OVRFLW	2061	2276	2462	OVRFLW	OVRFLW	OVRFLW	OVRFLW	OVRFLW	OVRFLW	4522	1956	1399
8:54:09	34.0	OVRFLW	OVRFLW	OVRFLW	2135	2204	2516	OVRFLW	OVRFLW	OVRFLW	OVRFLW	OVRFLW	OVRFLW	4539	2031	1421
8:57:09	34.0	OVRFLW	OVRFLW	OVRFLW	2128	2217	2454	OVRFLW	OVRFLW	OVRFLW	OVRFLW	OVRFLW	OVRFLW	4672	1994	1455
9:00:09	34.0	OVRFLW	OVRFLW	OVRFLW	2071	2167	2553	OVRFLW	OVRFLW	OVRFLW	OVRFLW	OVRFLW	OVRFLW	4509	2011	1450
9:03:09	34.0	OVRFLW	OVRFLW	OVRFLW	2128	2282	2497	OVRFLW	OVRFLW	OVRFLW	OVRFLW	OVRFLW	OVRFLW	4585	2038	1438
9:06:09	34.0	OVRFLW	OVRFLW	OVRFLW	2209	2334	2526	OVRFLW	OVRFLW	OVRFLW	OVRFLW	OVRFLW	OVRFLW	4639	1969	1510
9:09:09	34.0	OVRFLW	OVRFLW	OVRFLW	2285	2357	2607	OVRFLW	OVRFLW	OVRFLW	OVRFLW	OVRFLW	OVRFLW	4656	2056	1499
9:12:09	34.0	OVRFLW	OVRFLW	OVRFLW	2144	2330	2545	OVRFLW	OVRFLW	OVRFLW	OVRFLW	OVRFLW	OVRFLW	4614	1981	1509
9:15:09	34.0	OVRFLW	OVRFLW	OVRFLW	2270	2389	2531	OVRFLW	OVRFLW	OVRFLW	OVRFLW	OVRFLW	OVRFLW	4732	2051	1419
9:18:09	34.0	OVRFLW	OVRFLW	OVRFLW	2255	2356	2546	OVRFLW	OVRFLW	OVRFLW	OVRFLW	OVRFLW	OVRFLW	4802	2091	1529
9:21:09	34.0	OVRFLW	OVRFLW	OVRFLW	2154	2348	2628	OVRFLW	OVRFLW	OVRFLW	OVRFLW	OVRFLW	OVRFLW	4644	2188	1487
9:24:09	34.0	OVRFLW	OVRFLW	OVRFLW	2252	2369	2597	OVRFLW	OVRFLW	OVRFLW	OVRFLW	OVRFLW	OVRFLW	4605	2142	1591
9:27:09	34.0	OVRFLW	OVRFLW	OVRFLW	2142	2274	2534	OVRFLW	OVRFLW	OVRFLW	OVRFLW	OVRFLW	OVRFLW	4786	2164	1594
9:30:09	34.0	OVRFLW	OVRFLW	OVRFLW	2191	2397	2620	OVRFLW	OVRFLW	OVRFLW	OVRFLW	OVRFLW	OVRFLW	4765	2221	1569
9:33:09	34.0	OVRFLW	OVRFLW	OVRFLW	2240	2342	2587	OVRFLW	OVRFLW	OVRFLW	OVRFLW	OVRFLW	OVRFLW	4710	2282	1601
9:36:09	34.0	OVRFLW	OVRFLW	OVRFLW	2225	2471	2558	OVRFLW	OVRFLW	OVRFLW	OVRFLW	OVRFLW	OVRFLW	4739	2230	1623
9:39:09	34.0	OVRFLW	OVRFLW	OVRFLW	2213	2374	2712	OVRFLW	OVRFLW	OVRFLW	OVRFLW	OVRFLW	OVRFLW	4760	2103	1638
9:42:09	34.0	OVRFLW	OVRFLW	OVRFLW	2355	2404	2596	OVRFLW	OVRFLW	OVRFLW	OVRFLW	OVRFLW	OVRFLW	4844	2191	1665
9:45:09	34.0	OVRFLW	OVRFLW	OVRFLW	2330	2394	2714	OVRFLW	OVRFLW	OVRFLW	OVRFLW	OVRFLW	OVRFLW	5005	2240	1627
9:48:09	34.0	OVRFLW	OVRFLW	OVRFLW	2293	2394	2664	OVRFLW	OVRFLW	OVRFLW	OVRFLW	OVRFLW	OVRFLW	4790	2223	1698
9:51:09	34.0	OVRFLW	OVRFLW	OVRFLW	2224	2400	2684	OVRFLW	OVRFLW	OVRFLW	OVRFLW	OVRFLW	OVRFLW	4926	2315	1680
9:54:09	34.0	OVRFLW	OVRFLW	OVRFLW	2267	2447	2659	OVRFLW	OVRFLW	OVRFLW	OVRFLW	OVRFLW	OVRFLW	4985	2187	1712
9:57:09	34.0	OVRFLW	OVRFLW	OVRFLW	2221	2414	2694	OVRFLW	OVRFLW	OVRFLW	OVRFLW	OVRFLW	OVRFLW	4862	2237	1660
10:00:09	34.0	OVRFLW	OVRFLW	OVRFLW	2321	2477	2698	OVRFLW	OVRFLW	OVRFLW	OVRFLW	OVRFLW	OVRFLW	5048	2300	1697
10:03:09	34.0	OVRFLW	OVRFLW	OVRFLW	2340	2324	2706	OVRFLW	OVRFLW	OVRFLW	OVRFLW	OVRFLW	OVRFLW	4883	2420	1711
10:06:09	34.0	OVRFLW	OVRFLW	OVRFLW	2332	2561	2767	OVRFLW	OVRFLW	OVRFLW	OVRFLW	OVRFLW	OVRFLW	4917	2399	1639
10:09:09	34.0	OVRFLW	OVRFLW	OVRFLW	2369	2475	2734	OVRFLW	OVRFLW	OVRFLW	OVRFLW	OVRFLW	OVRFLW	4849	2278	1749
10:12:09	34.0	OVRFLW	OVRFLW	OVRFLW	2405	2538	2723	OVRFLW	OVRFLW	OVRFLW	OVRFLW	OVRFLW	OVRFLW	5061	2423	1726
10:15:09	34.0	OVRFLW	OVRFLW	OVRFLW	2334	2439	2786	OVRFLW	OVRFLW	OVRFLW	OVRFLW	OVRFLW	OVRFLW	5177	2331	1751
10:18:09	34.0	OVRFLW	OVRFLW	OVRFLW	2364	2472	2782	OVRFLW	OVRFLW	OVRFLW	OVRFLW	OVRFLW	OVRFLW	5108	2386	1839
10:21:09	34.0	OVRFLW	OVRFLW	OVRFLW	2361	2612	2746	OVRFLW	OVRFLW	OVRFLW	OVRFLW	OVRFLW	OVRFLW	5126	2367	1785
10:24:09	34.0	OVRFLW	OVRFLW	OVRFLW	2375	2617	2790	OVRFLW	OVRFLW	OVRFLW	OVRFLW	OVRFLW	OVRFLW	5043	2371	1835
10:27:09	34.0	OVRFLW	OVRFLW	OVRFLW	2507	2429	2832	OVRFLW	OVRFLW	OVRFLW	OVRFLW	OVRFLW	OVRFLW	5070	2429	1843
10:30:09	34.0	OVRFLW	OVRFLW	OVRFLW	2419	2507	2768	OVRFLW	OVRFLW	OVRFLW	OVRFLW	OVRFLW	OVRFLW	5154	2482	1826
10:33:09	34.0	OVRFLW	OVRFLW	OVRFLW	2368	2515	2935	OVRFLW	OVRFLW	OVRFLW	OVRFLW	OVRFLW	OVRFLW	5072	2484	1852
10:36:09	34.0	OVRFLW	OVRFLW	OVRFLW	2334	2453	2847	OVRFLW	OVRFLW	OVRFLW	OVRFLW	OVRFLW	OVRFLW	5174	2409	1812
10:39:09	34.0	OVRFLW	OVRFLW	OVRFLW	2446	2545	2898	OVRFLW	OVRFLW	OVRFLW	OVRFLW	OVRFLW	OVRFLW	5078	2526	1844
10:42:09	34.0	OVRFLW	OVRFLW	OVRFLW	2376	2503	2775	OVRFLW	OVRFLW	OVRFLW	OVRFLW	OVRFLW	OVRFLW	5089	2493	1923
10:45:09	34.0	OVRFLW	OVRFLW	OVRFLW	2333	2493	2818	OVRFLW	OVRFLW	OVRFLW	OVRFLW	OVRFLW	OVRFLW	5196	2564	1890
10:48:09	34.0	OVRFLW	OVRFLW	OVRFLW	2367	2496	2932	OVRFLW	OVRFLW	OVRFLW	OVRFLW	OVRFLW	OVRFLW	5238	2536	1909
10:51:09	34.0	OVRFLW	OVRFLW	OVRFLW	2443	2526	2873	OVRFLW	OVRFLW	OVRFLW	OVRFLW	OVRFLW	OVRFLW	5256	2656	1991
10:54:09	34.0	OVRFLW	OVRFLW	OVRFLW	2427	2587	2844	OVRFLW	OVRFLW	OVRFLW	OVRFLW	OVRFLW	OVRFLW	5262	2505	1993
10:57:09	34.0	OVRFLW	OVRFLW	OVRFLW	2465	2644	2888	OVRFLW	OVRFLW	OVRFLW	OVRFLW	OVRFLW	OVRFLW	5320	2506	1872
11:00:09	34.0	OVRFLW	OVRFLW	OVRFLW	2429	2635	2932	OVRFLW	OVRFLW	OVRFLW	OVRFLW	OVRFLW	OVRFLW	5316	2532	1970
11:03:09	34.0	OVRFLW	OVRFLW	OVRFLW	2376	2545	2962	OVRFLW	OVRFLW	OVRFLW	OVRFLW	OVRFLW	OVRFLW	5305	2575	1948
11:06:09	34.0	OVRFLW	OVRFLW	OVRFLW	2470	2622	2988	OVRFLW	OVRFLW	OVRFLW	OVRFLW	OVRFLW	OVRFLW	5202	2616	1973
11:09:09	34.0	OVRFLW	OVRFLW	OVRFLW	2437	2722	2977	OVRFLW	OVRFLW	OVRFLW	OVRFLW	OVRFLW	OVRFLW	5331	2679	1927
11:12:09	34.0	OVRFLW	OVRFLW	OVRFLW	2420	2584	2959	OVRFLW	OVRFLW	OVRFLW	OVRFLW	OVRFLW	OVRFLW	5393	2757	1925
11:15:09	34.0	OVRFLW	OVRFLW	OVRFLW	2548	2623	2940	OVRFLW	OVRFLW	OVRFLW	OVRFLW	OVRFLW	OVRFLW	5429	2562	2026
11:18:09	34.0	OVRFLW	OVRFLW	OVRFLW	2527	2676	3088	OVRFLW	OVRFLW	OVRFLW	OVRFLW	OVRFLW	OVRFLW	5446	2638	1999
11:21:09	34.0	OVRFLW	OVRFLW	OVRFLW	2543	2757	3062	OVRFLW	OVRFLW	OVRFLW	OVRFLW	OVRFLW	OVRFLW	5462	2646	2032
11:24:09	34.0	OVRFLW	OVRFLW	OVRFLW	2575	2639	3052	OVRFLW	OVRFLW	OVRFLW	OVRFLW	OVRFLW	OVRFLW	5410	2713	2030
11:27:09	34.0	OVRFLW	OVRFLW	OVRFLW	2535	2666	3110	OVRFLW	OVRFLW	OVRFLW	OVRFLW	OVRFLW	OVRFLW	5320	2676	2035
11:30:09	34.0	OVRFLW	OVRFLW	OVRFLW	2547	2749	3139	OVRFLW	OVRFLW	OVRFLW	OVRFLW	OVRFLW	OVRFLW	5290	2765	2054
11:33:09	34.0	OVRFLW	OVRFLW	OVRFLW	2585	2715	2966	OVRFLW	OVRFLW	OVRFLW	OVRFLW	OVRFLW	OVRFLW	5514	2774	2071
11:36:09	34.0	OVRFLW	OVRFLW	OVRFLW	2561	2737	3126	OVRFLW	OVRFLW	OVRFLW	OVRFLW	OVRFLW	OVRFLW	5462	2742	2084
11:39:09	34.0	OVRFLW	OVRFLW	OVRFLW	2625	2694	3076	OVRFLW	OVRFLW	OVRFLW	OVRFLW	OVRFLW	OVRFLW	5635	2827	2092
11:42:09	34.0	OVRFLW	OVRFLW	OVRFLW	2578	2778	3113	OVRFLW	OVRFLW	OVRFLW	OVRFLW	OVRFLW	OVRFLW	5458	2716	2073
11:45:09	34.0	OVRFLW	OVRFLW	OVRFLW	2546	2791	3044	OVRFLW	OVRFLW	OVRFLW	OVRFLW	OVRFLW	OVRFLW	5560	2800	2106
11:48:09	34.0	OVRFLW	OVRFLW	OVRFLW	2580	2767	3136	OVRFLW	OVRFLW	OVRFLW	OVRFLW	OVRFLW	OVRFLW	5516	2800	2093
11:51:09	34.0	OVRFLW	OVRFLW	OVRFLW	2526	2679	3166	OVRFLW	OVRFLW	OVRFLW	OVRFLW	OVRFLW	OVRFLW	5595	2713	2132
11:54:09	34.0	OVRFLW	OVRFLW	OVRFLW	2646	2845	3085	OVRFLW	OVRFLW	OVRFLW	OVRFLW	OVRFLW	OVRFLW	5700	2774	2103
11:57:09	34.0	OVRFLW	OVRFLW	OVRFLW	2576	2846	3343	OVRFLW	OVRFLW	OVRFLW	OVRFLW	OVRFLW	OVRFLW	5635	2821	2144
12:00:09	34.0	OVRFLW	OVRFLW	OVRFLW	2576	2820	3252	OVRFLW	OVRFLW	OVRFLW	OVRFLW	OVRFLW	OVRFLW	5508	2736	2194
12:03:09	34.0	OVRFLW	OVRFLW	OVRFLW	2582	2875	3274	OVRFLW	OVRFLW	OVRFLW	OVRFLW	OVRFLW	OVRFLW	5555	2781	2080
12:06:09	34.0	OVRFLW	OVRFLW	OVRFLW	2722	2775	3210	OVRFLW	OVRFLW	OVRFLW	OVRFLW	OVRFLW	OVRFLW	5611	2835	2197
12:09:09	34.0	OVRFLW	OVRFLW	OVRFLW	2684	2778	3125	OVRFLW	OVRFLW	OVRFLW	OVRFLW	OVRFLW	OVRFLW	5606	2862	2181
12:12:09	34.0	OVRFLW	OVRFLW	OVRFLW	2628	2833	3156	OVRFLW	OVRFLW	OVRFLW	OVRFLW	OVRFLW	OVRFLW	5514	2891	2257
12:15:09	34.0	OVRFLW	OVRFLW	OVRFLW	2679	2791	3088	OVRFLW	OVRFLW	OVRFLW	OVRFLW	OVRFLW	OVRFLW	5535	2931	2193
12:18:09	34.0	OVRFLW	OVRFLW	OVRFLW	2667	2814	3225	OVRFLW	OVRFLW	OVRFLW	OVRFLW	OVRFLW	OVRFLW	5795	2902	2196
12:21:09	34.0	OVRFLW	OVRFLW	OVRFLW	2650	2920	3215	OVRFLW	OVRFLW	OVRFLW	OVRFLW	OVRFLW	OVRFLW	5841	2911	2208
12:24:09	34.0	OVRFLW	OVRFLW	OVRFLW	2668	2842	3295	OVRFLW	OVRFLW	OVRFLW	OVRFLW	OVRFLW	OVRFLW	5627	2887	2237
12:27:09	34.0	OVRFLW	OVRFLW	OVRFLW	2772	2851	3226	OVRFLW	OVRFLW	OVRFLW	OVRFLW	OVRFLW	OVRFLW	5851	2894	2251
12:30:09	34.0	OVRFLW	OVRFLW	OVRFLW	2641	2854	3291	OVRFLW	OVRFLW	OVRFLW	OVRFLW	OVRFLW	OVRFLW	5778	3023	2249
12:33:09	34.0	OVRFLW	OVRFLW	OVRFLW	2690	3001	3334	OVRFLW	OVRFLW	OVRFLW	OVRFLW	OVRFLW	OVRFLW	5994	2902	2202
12:36:09	34.0	OVRFLW	OVRFLW	OVRFLW	2678	2882	3292	OVRFLW	OVRFLW	OVRFLW	OVRFLW	OVRFLW	OVRFLW	5956	2975	2265
12:39:09	34.0	OVRFLW	OVRFLW	OVRFLW	2695	2885	3340	OVRFLW	OVRFLW	OVRFLW	OVRFLW	OVRFLW	OVRFLW	5980	3009	2401
12:42:09	34.0	OVRFLW	OVRFLW	OVRFLW	2705	2830	3248	OVRFLW	OVRFLW	OVRFLW	OVRFLW	OVRFLW	OVRFLW	5879	2968	2290
12:45:09	34.0	OVRFLW	OVRFLW	OVRFLW	2737	2811	3164	OVRFLW	OVRFLW	OVRFLW	OVRFLW	OVRFLW	OVRFLW	5836	2894	2286
12:48:09	34.0	OVRFLW	OVRFLW	OVRFLW	2783	2828	3254	OVRFLW	OVRFLW	OVRFLW	OVRFLW	OVRFLW	OVRFLW	5938	3010	2301
12:51:09	34.0	OVRFLW	OVRFLW	OVRFLW	2783	2869	3274	OVRFLW	OVRFLW	OVRFLW	OVRFLW	OVRFLW	OVRFLW	5960	2964	2335
12:54:09	34.0	OVRFLW	OVRFLW	OVRFLW	2705	2888	3334	OVRFLW	OVRFLW	OVRFLW	OVRFLW	OVRFLW	OVRFLW	5922	2976	2221
12:57:09	34.0	OVRFLW	OVRFLW	OVRFLW	2673	2895	3196	OVRFLW	OVRFLW	OVRFLW	OVRFLW	OVRFLW	OVRFLW	6065	3028	2345
13:00:09	34.0	OVRFLW	OVRFLW	OVRFLW	2715	2973	3377	OVRFLW	OVRFLW	OVRFLW	OVRFLW	OVRFLW	OVRFLW	6005	3063	2317
13:03:09	34.0	OVRFLW	OVRFLW	OVRFLW	2695	2929	3293	OVRFLW	OVRFLW	OVRFLW	OVRFLW	OVRFLW	OVRFLW	5877	2986	2332
13:06:09	34.0	OVRFLW	OVRFLW	OVRFLW	2728	2943	3436	OVRFLW	OVRFLW	OVRFLW	OVRFLW	OVRFLW	OVRFLW	6136	3035	2426
13:09:09	34.0	OVRFLW	OVRFLW	OVRFLW	2685	2935	3358	OVRFLW	OVRFLW	OVRFLW	OVRFLW	OVRFLW	OVRFLW	5940	3091	2369
13:12:09	34.0	OVRFLW	OVRFLW	OVRFLW	2784	3021	3237	OVRFLW	OVRFLW	OVRFLW	OVRFLW	OVRFLW	OVRFLW	6077	3129	2343
13:15:09	34.0	OVRFLW	OVRFLW	OVRFLW	2732	2970	3333	OVRFLW	OVRFLW	OVRFLW	OVRFLW	OVRFLW	OVRFLW	6039	3100	2387
13:18:09	34.0	OVRFLW	OVRFLW	OVRFLW	2657	3008	3423	OVRFLW	OVRFLW	OVRFLW	OVRFLW	OVRFLW	OVRFLW	6039	3207	2351
13:21:09	34.0	OVRFLW	OVRFLW	OVRFLW	2781	2818	3389	OVRFLW	OVRFLW	OVRFLW	OVRFLW	OVRFLW	OVRFLW	6097	3136	2415
13:24:09	34.0	OVRFLW	OVRFLW	OVRFLW	2777	2917	3428	OVRFLW	OVRFLW	OVRFLW	OVRFLW	OVRFLW	OVRFLW	6084	3184	2425
13:27:09	34.0	OVRFLW	OVRFLW	OVRFLW	2631	2927	3427	OVRFLW	OVRFLW	OVRFLW	OVRFLW	OVRFLW	OVRFLW	6102	3155	2377
13:30:09	34.0	OVRFLW	OVRFLW	OVRFLW	2723	3075	3366	OVRFLW	OVRFLW	OVRFLW	OVRFLW	OVRFLW	OVRFLW	6126	3113	2372
13:33:09	34.0	OVRFLW	OVRFLW	OVRFLW	2791	2955	3335	OVRFLW	OVRFLW	OVRFLW	OVRFLW	OVRFLW	OVRFLW	6237	3167	2329
13:36:09	34.0	OVRFLW	OVRFLW	OVRFLW	2716	3040	3329	OVRFLW	OVRFLW	OVRFLW	OVRFLW	OVRFLW	OVRFLW	6156	3198	2462
13:39:09	34.0	OVRFLW	OVRFLW	OVRFLW	2763	3021	3246	OVRFLW	OVRFLW	OVRFLW	OVRFLW	OVRFLW	OVRFLW	6387	3236	2426
13:42:09	34.0	OVRFLW	OVRFLW	OVRFLW	2761	2907	3398	OVRFLW	OVRFLW	OVRFLW	OVRFLW	OVRFLW	OVRFLW	6327	3227	2387
13:45:09	34.0	OVRFLW	OVRFLW	OVRFLW	2805	2928	3445	OVRFLW	OVRFLW	OVRFLW	OVRFLW	OVRFLW	OVRFLW	6301	3159	2397
13:48:09	34.0	OVRFLW	OVRFLW	OVRFLW	2749	2999	3348	OVRFLW	OVRFLW	OVRFLW	OVRFLW	OVRFLW	OVRFLW	6180	3221	2382
13:51:09	34.0	OVRFLW	OVRFLW	OVRFLW	2766	3035	3405	OVRFLW	OVRFLW	OVRFLW	OVRFLW	OVRFLW	OVRFLW	6230	3255	2435
13:54:09	34.0	OVRFLW	OVRFLW	OVRFLW	2773	3001	3503	OVRFLW	OVRFLW	OVRFLW	OVRFLW	OVRFLW	OVRFLW	6309	3177	2465
13:57:09	34.0	OVRFLW	OVRFLW	OVRFLW	2786	3074	3359	OVRFLW	OVRFLW	OVRFLW	OVRFLW	OVRFLW	OVRFLW	6331	3140	2501
14:00:09	34.0	OVRFLW	OVRFLW	OVRFLW	2845	3113	3352	OVRFLW	OVRFLW	OVRFLW	OVRFLW	OVRFLW	OVRFLW	6295	3239	2420
14:03:09	34.0	OVRFLW	OVRFLW	OVRFLW	2814	3017	3418	OVRFLW	OVRFLW	OVRFLW	OVRFLW	OVRFLW	OVRFLW	6382	3270	2491
14:06:09	34.0	OVRFLW	OVRFLW	OVRFLW	2947	3045	3456	OVRFLW	OVRFLW	OVRFLW	OVRFLW	OVRFLW	OVRFLW	6371	3179	2419
14:09:09	34.0	OVRFLW	OVRFLW	OVRFLW	2838	3036	3466	OVRFLW	OVRFLW	OVRFLW	OVRFLW	OVRFLW	OVRFLW	6402	3193	2462
14:12:09	34.0	OVRFLW	OVRFLW	OVRFLW	2800	3110	3438	OVRFLW	OVRFLW	OVRFLW	OVRFLW	OVRFLW	OVRFLW	6491	3249	2456
14:15:09	34.0	OVRFLW	OVRFLW	OVRFLW	2853	3080	3536	OVRFLW	OVRFLW	OVRFLW	OVRFLW	OVRFLW	OVRFLW	6434	3381	2450
14:18:09	34.0	OVRFLW	OVRFLW	OVRFLW	2836	3121	3526	OVRFLW	OVRFLW	OVRFLW	OVRFLW	OVRFLW	OVRFLW	6460	3223	2534
14:21:09	34.0	OVRFLW	OVRFLW	OVRFLW	2806	3119	3610	OVRFLW	OVRFLW	OVRFLW	OVRFLW	OVRFLW	OVRFLW	6527	3261	2437
14:24:09	34.0	OVRFLW	OVRFLW	OVRFLW	2821	3066	3569	OVRFLW	OVRFLW	OVRFLW	OVRFLW	OVRFLW	OVRFLW	6700	3148	2483
14:27:09	34.0	OVRFLW	OVRFLW	OVRFLW	2868	2964	3664	OVRFLW	OVRFLW	OVRFLW	OVRFLW	OVRFLW	OVRFLW	6489	3338	2449
14:30:09	34.0	OVRFLW	OVRFLW	OVRFLW	2939	3176	3614	OVRFLW	OVRFLW	OVRFLW	OVRFLW	OVRFLW	OVRFLW	6671	3336	2607
14:33:09	34.0	OVRFLW	OVRFLW	OVRFLW	2992	3103	3591	OVRFLW	OVRFLW	OVRFLW	OVRFLW	OVRFLW	OVRFLW	6815	3314	2524
14:36:09	34.0	OVRFLW	OVRFLW	OVRFLW	2886	3080	3520	OVRFLW	OVRFLW	OVRFLW	OVRFLW	OVRFLW	OVRFLW	6556	3305	2442
14:39:09	34.0	OVRFLW	OVRFLW	OVRFLW	2935	3085	3624	OVRFLW	OVRFLW	OVRFLW	OVRFLW	OVRFLW	OVRFLW	6693	3287	2532
14:42:09	34.0	OVRFLW	OVRFLW	OVRFLW	2959	3220	3622	OVRFLW	OVRFLW	OVRFLW	OVRFLW	OVRFLW	OVRFLW	6644	3317	2581
14:45:09	34.0	OVRFLW	OVRFLW	OVRFLW	2859	3187	3542	OVRFLW	OVRFLW	OVRFLW	OVRFLW	OVRFLW	OVRFLW	6791	3288	2599
14:48:09	34.0	OVRFLW	OVRFLW	OVRFLW	2888	3081	3658	OVRFLW	OVRFLW	OVRFLW	OVRFLW	OVRFLW	OVRFLW	6697	3277	2503
14:51:09	34.0	OVRFLW	OVRFLW	OVRFLW	2914	3119	3553	OVRFLW	OVRFLW	OVRFLW	OVRFLW	OVRFLW	OVRFLW	6777	3480	2612
14:54:09	34.0	OVRFLW	OVRFLW	OVRFLW	2943	3030	3696	OVRFLW	OVRFLW	OVRFLW	OVRFLW	OVRFLW	OVRFLW	6856	3344	2596
14:57:09	34.0	OVRFLW	OVRFLW	OVRFLW	2975	3168	3557	OVRFLW	OVRFLW	OVRFLW	OVRFLW	OVRFLW	OVRFLW	6967	3355	2469
15:00:09	34.0	OVRFLW	OVRFLW	OVRFLW	2948	3191	3706	OVRFLW	OVRFLW	OVRFLW	OVRFLW	OVRFLW	OVRFLW	6733	3428	2571
15:03:09	34.0	OVRFLW	OVRFLW	OVRFLW	2956	3233	3641	OVRFLW	OVRFLW	OVRFLW	OVRFLW	OVRFLW	OVRFLW	6955	3343	2552
15:06:09	34.0	OVRFLW	OVRFLW	OVRFLW	2990	3253	3681	OVRFLW	OVRFLW	OVRFLW	OVRFLW	OVRFLW	OVRFLW	6987	3344	2540
15:09:09	34.0	OVRFLW	OVRFLW	OVRFLW	2994	3203	3583	OVRFLW	OVRFLW	OVRFLW	OVRFLW	OVRFLW	OVRFLW	6688	3425	2583
15:12:09	34.0	OVRFLW	OVRFLW	OVRFLW	3047	3163	3746	OVRFLW	OVRFLW	OVRFLW	OVRFLW	OVRFLW	OVRFLW	6979	3365	2499
15:15:09	34.0	OVRFLW	OVRFLW	OVRFLW	3018	3222	3760	OVRFLW	OVRFLW	OVRFLW	OVRFLW	OVRFLW	OVRFLW	6811	3331	2585
15:18:09	34.0	OVRFLW	OVRFLW	OVRFLW	3024	3224	3643	OVRFLW	OVRFLW	OVRFLW	OVRFLW	OVRFLW	OVRFLW	6888	3378	2594
15:21:09	34.0	OVRFLW	OVRFLW	OVRFLW	2957	3106	3803	OVRFLW	OVRFLW	OVRFLW	OVRFLW	OVRFLW	OVRFLW	7022	3439	2586
15:24:09	34.0	OVRFLW	OVRFLW	OVRFLW	3091	3178	3658	OVRFLW	OVRFLW	OVRFLW	OVRFLW	OVRFLW	OVRFLW	7058	3452	2513
15:27:09	34.0	OVRFLW	OVRFLW	OVRFLW	3036	3271	3705	OVRFLW	OVRFLW	OVRFLW	OVRFLW	OVRFLW	OVRFLW	7055	3502	2530
15:30:09	34.0	OVRFLW	OVRFLW	OVRFLW	3030	3128	3727	OVRFLW	OVRFLW	OVRFLW	OVRFLW	OVRFLW	OVRFLW	7097	3346	2565
15:33:09	34.0	OVRFLW	OVRFLW	OVRFLW	2999	3171	3695	OVRFLW	OVRFLW	OVRFLW	OVRFLW	OVRFLW	OVRFLW	6961	3377	2572
15:36:09	34.0	OVRFLW	OVRFLW	OVRFLW	3088	3234	3682	OVRFLW	OVRFLW	OVRFLW	OVRFLW	OVRFLW	OVRFLW	7185	3417	2585
15:39:09	34.0	OVRFLW	OVRFLW	OVRFLW	3074	3246	3632	OVRFLW	OVRFLW	OVRFLW	OVRFLW	OVRFLW	OVRFLW	6822	3426	2572
15:42:09	34.0	OVRFLW	OVRFLW	OVRFLW	2888	3252	3746	OVRFLW	OVRFLW	OVRFLW	OVRFLW	OVRFLW	OVRFLW	7144	3400	2524
15:45:09	34.0	OVRFLW	OVRFLW	OVRFLW	2978	3237	3698	OVRFLW	OVRFLW	OVRFLW	OVRFLW	OVRFLW	OVRFLW	7037	3443	2584
15:48:09	34.0	OVRFLW	OVRFLW	OVRFLW	3066	3245	3886	OVRFLW	OVRFLW	OVRFLW	OVRFLW	OVRFLW	OVRFLW	7336	3427	2531
15:51:09	34.0	OVRFLW	OVRFLW	OVRFLW	3046	3241	3827	OVRFLW	OVRFLW	OVRFLW	OVRFLW	OVRFLW	OVRFLW	7127	3446	2585
15:54:09	34.0	OVRFLW	OVRFLW	OVRFLW	2995	3160	3818	OVRFLW	OVRFLW	OVRFLW	OVRFLW	OVRFLW	OVRFLW	7116	3558	2562
15:57:09	34.0	OVRFLW	OVRFLW	OVRFLW	3050	3332	3812	OVRFLW	OVRFLW	OVRFLW	OVRFLW	OVRFLW	OVRFLW	7104	3580	2630
16:00:09	34.0	OVRFLW	OVRFLW	OVRFLW	3033	3353	3871	OVRFLW	OVRFLW	OVRFLW	OVRFLW	OVRFLW	OVRFLW	7233	3450	2529
16:03:09	34.0	OVRFLW	OVRFLW	OVRFLW	2971	3335	3771	OVRFLW	OVRFLW	OVRFLW	OVRFLW	OVRFLW	OVRFLW	7359	3505	2555
16:06:09	34.0	OVRFLW	OVRFLW	OVRFLW	3068	3255	3777	OVRFLW	OVRFLW	OVRFLW	OVRFLW	OVRFLW	OVRFLW	7166	3511	2684
16:09:09	34.0	OVRFLW	OVRFLW	OVRFLW	3085	3268	3761	OVRFLW	OVRFLW	OVRFLW	OVRFLW	OVRFLW	OVRFLW	7151	3492	2677
16:12:09	34.0	OVRFLW	OVRFLW	OVRFLW	3141	3375	3821	OVRFLW	OVRFLW	OVRFLW	OVRFLW	OVRFLW	OVRFLW	7284	3591	2607
16:15:09	34.0	OVRFLW	OVRFLW	OVRFLW	2995	3277	3929	OVRFLW	OVRFLW	OVRFLW	OVRFLW	OVRFLW	OVRFLW	7433	3471	2664
16:18:09	34.0	OVRFLW	OVRFLW	OVRFLW	3044	3260	3876	OVRFLW	OVRFLW	OVRFLW	OVRFLW	OVRFLW	OVRFLW	7488	3543	2703
16:21:09	34.0	OVRFLW	OVRFLW	OVRFLW	3066	3303	3875	OVRFLW	OVRFLW	OVRFLW	OVRFLW	OVRFLW	OVRFLW	7395	3653	2712
16:24:09	34.0	OVRFLW	OVRFLW	OVRFLW	3145	3178	3807	OVRFLW	OVRFLW	OVRFLW	OVRFLW	OVRFLW	OVRFLW	7355	3503	2647
16:27:09	34.0	OVRFLW	OVRFLW	OVRFLW	3166	3350	3876	OVRFLW	OVRFLW	OVRFLW	OVRFLW	OVRFLW	OVRFLW	7409	3491	2665
16:30:09	34.0	OVRFLW	OVRFLW	OVRFLW	3046	3396	3875	OVRFLW	OVRFLW	OVRFLW	OVRFLW	OVRFLW	OVRFLW	7532	3484	2631
16:33:09	34.0	OVRFLW	OVRFLW	OVRFLW	3161	3313	3842	OVRFLW	OVRFLW	OVRFLW	OVRFLW	OVRFLW	OVRFLW	7519	3554	2678
16:36:09	34.0	OVRFLW	OVRFLW	OVRFLW	3201	3288	3922	OVRFLW	OVRFLW	OVRFLW	OVRFLW	OVRFLW	OVRFLW	7732	3624	2624
16:39:09	34.0	OVRFLW	OVRFLW	OVRFLW	3100	3403	3851	OVRFLW	OVRFLW	OVRFLW	OVRFLW	OVRFLW	OVRFLW	7490	3596	2729
16:42:09	34.0	OVRFLW	OVRFLW	OVRFLW	3104	3527	3826	OVRFLW	OVRFLW	OVRFLW	OVRFLW	OVRFLW	OVRFLW	7508	3495	2729
16:45:09	34.0	OVRFLW	OVRFLW	OVRFLW	3105	3479	3894	OVRFLW	OVRFLW	OVRFLW	OVRFLW	OVRFLW	OVRFLW	7534	3499	2675
16:48:09	34.0	OVRFLW	OVRFLW	OVRFLW	3279	3342	3949	OVRFLW	OVRFLW	OVRFLW	OVRFLW	OVRFLW	OVRFLW	7354	3527	2697
16:51:09	34.0	OVRFLW	OVRFLW	OVRFLW	3189	3295	3949	OVRFLW	OVRFLW	OVRFLW	OVRFLW	OVRFLW	OVRFLW	7400	3528	2608
16:54:09	34.0	OVRFLW	OVRFLW	OVRFLW	3147	3311	3922	OVRFLW	OVRFLW	OVRFLW	OVRFLW	OVRFLW	OVRFLW	7523	3575	2646
16:57:09	34.0	OVRFLW	OVRFLW	OVRFLW	3072	3280	3874	OVRFLW	OVRFLW	OVRFLW	OVRFLW	OVRFLW	OVRFLW	7734	3631	2664
17:00:09	34.0	OVRFLW	OVRFLW	OVRFLW	3198	3411	3966	OVRFLW	OVRFLW	OVRFLW	OVRFLW	OVRFLW	OVRFLW	7563	3643	2692
17:03:09	34.0	OVRFLW	OVRFLW	OVRFLW	3068	3450	3976	OVRFLW	OVRFLW	OVRFLW	OVRFLW	OVRFLW	OVRFLW	7509	3592	2632
17:06:09	34.0	OVRFLW	OVRFLW	OVRFLW	3092	3406	4018	OVRFLW	OVRFLW	OVRFLW	OVRFLW	OVRFLW	OVRFLW	7553	3592	2653
17:09:09	34.0	OVRFLW	OVRFLW	OVRFLW	3120	3364	3869	OVRFLW	OVRFLW	OVRFLW	OVRFLW	OVRFLW	OVRFLW	7703	3566	2736
17:12:09	34.0	OVRFLW	OVRFLW	OVRFLW	3134	3530	4000	OVRFLW	OVRFLW	OVRFLW	OVRFLW	OVRFLW	OVRFLW	7700	3582	2687
17:15:09	34.1	OVRFLW	OVRFLW	OVRFLW	3197	3536	3929	OVRFLW	OVRFLW	OVRFLW	OVRFLW	OVRFLW	OVRFLW	7636	3568	2671
17:18:09	34.0	OVRFLW	OVRFLW	OVRFLW	3152	3406	3985	OVRFLW	OVRFLW	OVRFLW	OVRFLW	OVRFLW	OVRFLW	7580	3682	2661
17:21:09	34.0	OVRFLW	OVRFLW	OVRFLW	3235	3389	4043	OVRFLW	OVRFLW	OVRFLW	OVRFLW	OVRFLW	OVRFLW	7577	3649	2737
17:24:09	34.0	OVRFLW	OVRFLW	OVRFLW	3143	3312	3859	OVRFLW	OVRFLW	OVRFLW	OVRFLW	OVRFLW	OVRFLW	7606	3577	2693
17:27:09	34.0	OVRFLW	OVRFLW	OVRFLW	3146	3374	3949	OVRFLW	OVRFLW	OVRFLW	OVRFLW	OVRFLW	OVRFLW	7630	3656	2740
17:30:09	34.0	OVRFLW	OVRFLW	OVRFLW	3225	3498	3911	OVRFLW	OVRFLW	OVRFLW	OVRFLW	OVRFLW	OVRFLW	7727	3667	2682
17:33:09	34.0	OVRFLW	OVRFLW	OVRFLW	3210	3437	4132	OVRFLW	OVRFLW	OVRFLW	OVRFLW	OVRFLW	OVRFLW	7580	3627	2751
17:36:09	34.1	OVRFLW	OVRFLW	OVRFLW	3138	3440	4095	OVRFLW	OVRFLW	OVRFLW	OVRFLW	OVRFLW	OVRFLW	7576	3622	2839
17:39:09	34.0	OVRFLW	OVRFLW	OVRFLW	3146	3407	4051	OVRFLW	OVRFLW	OVRFLW	OVRFLW	OVRFLW	OVRFLW	7780	3632	2661
17:42:09	34.0	OVRFLW	OVRFLW	OVRFLW	3256	3544	4011	OVRFLW	OVRFLW	OVRFLW	OVRFLW	OVRFLW	OVRFLW	7768	3732	2742
17:45:09	34.0	OVRFLW	OVRFLW	OVRFLW	3235	3593	4164	OVRFLW	OVRFLW	OVRFLW	OVRFLW	OVRFLW	OVRFLW	7670	3587	2760
17:48:09	34.0	OVRFLW	OVRFLW	OVRFLW	3187	3542	3998	OVRFLW	OVRFLW	OVRFLW	OVRFLW	OVRFLW	OVRFLW	7793	3663	2781
17:51:09	34.0	OVRFLW	OVRFLW	OVRFLW	3269	3461	4053	OVRFLW	OVRFLW	OVRFLW	OVRFLW	OVRFLW	OVRFLW	7761	3578	2715
17:54:09	34.0	OVRFLW	OVRFLW	OVRFLW	3296	3564	4080	OVRFLW	OVRFLW	OVRFLW	OVRFLW	OVRFLW	OVRFLW	7616	3824	2924
17:57:09	34.0	OVRFLW	OVRFLW	OVRFLW	3302	3574	4076	OVRFLW	OVRFLW	OVRFLW	OVRFLW	OVRFLW	OVRFLW	7499	3657	2744
18:00:09	34.0	OVRFLW	OVRFLW	OVRFLW	3360	3582	4025	OVRFLW	OVRFLW	OVRFLW	OVRFLW	OVRFLW	OVRFLW	7794	3665	2681
18:03:09	34.0	OVRFLW	OVRFLW	OVRFLW	3287	3505	4116	OVRFLW	OVRFLW	OVRFLW	OVRFLW	OVRFLW	OVRFLW	7734	3618	2787
0:00:00																
0:00:00																
0:00:00																
0:00:00																
0:00:00																
0:00:00																
0:00:00																
0:00:00																
0:00:00																
0:00:00																
0:00:00																
0:00:00																
0:00:00																
0:00:00																
0:00:00																
0:00:00																
0:00:00																
0:00:00																
0:00:00																
0:00:00																
0:00:00																
0:00:00																
0:00:00																
0:00:00																
0:00:00																
0:00:00																
0:00:00																
0:00:00																
0:00:00																
0:00:00																
0:00:00																
0:00:00																
0:00:00																
0:00:00																
0:00:00																
0:00:00																
0:00:00																
0:00:00																
0:00:00																
0:00:00																
0:00:00																
0:00:00																
0:00:00																
0:00:00																
0:00:00																
0:00:00																
0:00:00																
0:00:00																
0:00:00																
0:00:00																
0:00:00																
0:00:00																
0:00:00																
0:00:00																
0:00:00																
0:00:00																
0:00:00																
0:00:00																
0:00:00																
0:00:00																
0:00:00																
0:00:00																
0:00:00																
0:00:00																
0:00:00																
0:00:00																
0:00:00																
0:00:00																
0:00:00																
0:00:00																
0:00:00																
0:00:00																
0:00:00																
0:00:00																
0:00:00																
0:00:00																
0:00:00																
0:00:00																
0:00:00																
0:00:00																
0:00:00																
0:00:00																
0:00:00																
0:00:00																
0:00:00																
0:00:00																
0:00:00																
0:00:00																
0:00:00																
0:00:00																
0:00:00																
0:00:00																
0:00:00																
0:00:00																
0:00:00																
0:00:00																
0:00:00																
0:00:00																
0:00:00																
0:00:00																
0:00:00																
0:00:00																
0:00:00																
0:00:00																
0:00:00																
0:00:00																
0:00:00																
0:00:00																
0:00:00																
0:00:00																
0:00:00																
0:00:00																
0:00:00																
0:00:00																
0:00:00																
0:00:00																
0:00:00																
0:00:00																
0:00:00																

Results
	1	2	3	4	5	6	7	8	9	10	11	12	13	14	15	16	17	18	19	20	21	22	23	24
A																									Max V [gfp:485,515]
																									R-Squared [gfp:485,515]
																									t at Max V [gfp:485,515]
																									Lagtime [gfp:485,515]
																									Max V [gfp:485,515[2]]
																									R-Squared [gfp:485,515[2]]
																									t at Max V [gfp:485,515[2]]
																									Lagtime [gfp:485,515[2]]
B																									Max V [gfp:485,515]
																									R-Squared [gfp:485,515]
																									t at Max V [gfp:485,515]
																									Lagtime [gfp:485,515]
																									Max V [gfp:485,515[2]]
																									R-Squared [gfp:485,515[2]]
																									t at Max V [gfp:485,515[2]]
																									Lagtime [gfp:485,515[2]]
C																									Max V [gfp:485,515]
																									R-Squared [gfp:485,515]
																									t at Max V [gfp:485,515]
																									Lagtime [gfp:485,515]
																									Max V [gfp:485,515[2]]
																									R-Squared [gfp:485,515[2]]
																									t at Max V [gfp:485,515[2]]
																									Lagtime [gfp:485,515[2]]
D																									Max V [gfp:485,515]
																									R-Squared [gfp:485,515]
																									t at Max V [gfp:485,515]
																									Lagtime [gfp:485,515]
																									Max V [gfp:485,515[2]]
																									R-Squared [gfp:485,515[2]]
																									t at Max V [gfp:485,515[2]]
																									Lagtime [gfp:485,515[2]]
E																									Max V [gfp:485,515]
																									R-Squared [gfp:485,515]
																									t at Max V [gfp:485,515]
																									Lagtime [gfp:485,515]
																									Max V [gfp:485,515[2]]
																									R-Squared [gfp:485,515[2]]
																									t at Max V [gfp:485,515[2]]
																									Lagtime [gfp:485,515[2]]
F																									Max V [gfp:485,515]
																									R-Squared [gfp:485,515]
																									t at Max V [gfp:485,515]
																									Lagtime [gfp:485,515]
																									Max V [gfp:485,515[2]]
																									R-Squared [gfp:485,515[2]]
																									t at Max V [gfp:485,515[2]]
																									Lagtime [gfp:485,515[2]]
G																									Max V [gfp:485,515]
																									R-Squared [gfp:485,515]
																									t at Max V [gfp:485,515]
																									Lagtime [gfp:485,515]
																									Max V [gfp:485,515[2]]
																									R-Squared [gfp:485,515[2]]
																									t at Max V [gfp:485,515[2]]
																									Lagtime [gfp:485,515[2]]
H																									Max V [gfp:485,515]
																									R-Squared [gfp:485,515]
																									t at Max V [gfp:485,515]
																									Lagtime [gfp:485,515]
																									Max V [gfp:485,515[2]]
																									R-Squared [gfp:485,515[2]]
																									t at Max V [gfp:485,515[2]]
																									Lagtime [gfp:485,515[2]]
I																									Max V [gfp:485,515]
																									R-Squared [gfp:485,515]
																									t at Max V [gfp:485,515]
																									Lagtime [gfp:485,515]
																									Max V [gfp:485,515[2]]
																									R-Squared [gfp:485,515[2]]
																									t at Max V [gfp:485,515[2]]
																									Lagtime [gfp:485,515[2]]
J																									Max V [gfp:485,515]
																									R-Squared [gfp:485,515]
																									t at Max V [gfp:485,515]
																									Lagtime [gfp:485,515]
																									Max V [gfp:485,515[2]]
																									R-Squared [gfp:485,515[2]]
																									t at Max V [gfp:485,515[2]]
																									Lagtime [gfp:485,515[2]]
K																									Max V [gfp:485,515]
																									R-Squared [gfp:485,515]
																									t at Max V [gfp:485,515]
																									Lagtime [gfp:485,515]
																									Max V [gfp:485,515[2]]
																									R-Squared [gfp:485,515[2]]
																									t at Max V [gfp:485,515[2]]
																									Lagtime [gfp:485,515[2]]
L																						-103000.000	105000.000	82000.000	Max V [gfp:485,515]
																						1.000	1.000	1.000	R-Squared [gfp:485,515]
																						13:31:30	9:04:30	12:25:30	t at Max V [gfp:485,515]
																						14:33:27	7:58:13	11:15:55	Lagtime [gfp:485,515]
																						1570333.333	1688333.333	1388000.000	Max V [gfp:485,515[2]]
																						1.000	1.000	1.000	R-Squared [gfp:485,515[2]]
																						2:34:39	1:55:39	1:58:39	t at Max V [gfp:485,515[2]]
																						1:34:33	1:06:44	1:13:27	Lagtime [gfp:485,515[2]]
M																						-6666.667	8666.667	8000.000	Max V [gfp:485,515]
																						1.000	1.000	1.000	R-Squared [gfp:485,515]
																						13:01:30	6:01:30	5:31:30	t at Max V [gfp:485,515]
																						13:02:42	6:04:37	5:35:30	Lagtime [gfp:485,515]
																						-180333.333	-132333.333	-160000.000	Max V [gfp:485,515[2]]
																						1.000	1.000	1.000	R-Squared [gfp:485,515[2]]
																						0:16:39	0:25:39	0:22:39	t at Max V [gfp:485,515[2]]
																						0:08:04	0:13:07	0:12:35	Lagtime [gfp:485,515[2]]
N																						-79333.333	46666.667	-68333.333	Max V [gfp:485,515]
																						1.000	1.000	1.000	R-Squared [gfp:485,515]
																						12:01:30	3:55:30	11:28:30	t at Max V [gfp:485,515]
																						13:03:11	2:58:36	12:39:12	Lagtime [gfp:485,515]
																						1351333.333	1042666.667	1486000.000	Max V [gfp:485,515[2]]
																						1.000	1.000	1.000	R-Squared [gfp:485,515[2]]
																						3:07:39	3:13:39	3:01:39	t at Max V [gfp:485,515[2]]
																						2:01:53	1:59:35	2:06:06	Lagtime [gfp:485,515[2]]
O																						67333.333	58000.000	-69333.333	Max V [gfp:485,515]
																						1.000	1.000	1.000	R-Squared [gfp:485,515]
																						6:52:30	2:28:30	18:01:30	t at Max V [gfp:485,515]
																						5:43:55	1:44:12	?????	Lagtime [gfp:485,515]
																						1429333.333	1683000.000	1260666.667	Max V [gfp:485,515[2]]
																						1.000	1.000	1.000	R-Squared [gfp:485,515[2]]
																						2:55:39	1:37:39	1:31:39	t at Max V [gfp:485,515[2]]
																						1:49:32	1:04:19	0:51:58	Lagtime [gfp:485,515[2]]
P																						-9333.333	8000.000	-7666.667	Max V [gfp:485,515]
																						1.000	1.000	1.000	R-Squared [gfp:485,515]
																						0:13:30	1:01:30	3:58:30	t at Max V [gfp:485,515]
																						0:10:04	1:02:38	3:59:44	Lagtime [gfp:485,515]
																						-254333.333	82000.000	69666.667	Max V [gfp:485,515[2]]
																						1.000	1.000	1.000	R-Squared [gfp:485,515[2]]
																						0:13:39	17:52:39	17:52:39	t at Max V [gfp:485,515[2]]
																						0:09:57	17:21:00	17:22:58	Lagtime [gfp:485,515[2]]

